$molecule
0 1
  N   -4.8386990    3.6051490    0.2397290
  C   -3.4287900    3.9266300    0.0327500
  H   -5.4132600    4.4212500   -0.0721420
  H   -5.0123970    3.4685140    1.2624020
  C   -2.5319670    2.7743300    0.4139710
  H   -3.1579460    4.8197520    0.6382030
  H   -3.2649390    4.1609950   -1.0410070
  N   -1.1809830    2.9092610    0.2896660
  C   -0.2254690    1.8577560    0.6355710
  H   -0.8226020    3.8214510   -0.0355710
  C    1.1671480    2.4968890    0.6831370
  N    2.1665230    2.2220190   -0.2131460
  C    3.4386050    2.9462390   -0.2291280
  H    2.0189300    1.5278990   -0.9572600
  C    4.6208170    2.0028100   -0.0580670
  N    5.8796730    2.5034700    0.1155340
  C    7.0709850    1.6701120    0.2659470
  H    5.9958120    3.5277580    0.1220150
  C    8.2948610    2.5647870    0.2198790
  N    9.1995020    2.4432040   -0.7936680
  C   10.3833900    3.2792240   -0.9158970
  H    9.0401180    1.7343370   -1.5258880
  C   11.6444550    2.4532850   -0.9157260
  H   10.4524810    4.0167380   -0.0881940
  H   10.3257810    3.8403340   -1.8724690
  O   12.8449600    3.0564190   -1.0408220
  H   12.9213540    4.0167690   -1.1306890
  O   -3.0187010    1.7381100    0.8463670
  O    1.3428950    3.3547870    1.5379120
  O    4.4394830    0.7950170   -0.0813130
  O    8.4484430    3.4084290    1.0933500
  O   11.5980330    1.2377150   -0.8055650
  C   -0.3900910    0.6468150   -0.3262020
  H   -0.4606550    1.5056580    1.6657880
  C    0.1917210   -0.6328580    0.2256190
  H   -0.0091110    0.8806720   -1.3405490
  H   -1.4675960    0.4317090   -0.4641000
  C    1.4969310   -0.9085900    0.5765260
  N    1.5751720   -2.1752940    1.0293180
  H    2.3383330   -0.2478380    0.5225340
  C    0.3172300   -2.6505030    0.9475500
  N   -0.5411540   -1.7353410    0.4652510
  H    0.0317850   -3.6528020    1.2383200
  H   -1.5660300   -1.8633260    0.3108680
  C    3.5216930    3.7206930   -1.5579780
  H    3.4780160    3.6776980    0.6068350
  O    4.6648960    4.5293710   -1.6229500
  H    2.6344910    4.3821620   -1.6518270
  H    3.4800220    3.0130510   -2.4201140
  H    5.3161560    4.0729530   -2.2171970
  C    7.0049630    0.8541580    1.5926810
  H    7.1014870    0.9731930   -0.5985500
  C    8.1222520   -0.1904930    1.8700340
  H    6.0597280    0.2761560    1.5993960
  H    6.9477240    1.5573540    2.4525660
  C    9.4979640    0.4233210    2.1598430
  H    9.9332880    0.9108720    1.2706900
  H   10.2056970   -0.3737030    2.4732530
  H    9.4226650    1.1608370    2.9867650
  C    8.2219160   -1.2386290    0.7539660
  H    7.8207620   -0.7199170    2.8018490
  H    8.5595590   -0.7776860   -0.1977080
  H    7.2357780   -1.7238560    0.5931490
  H    8.9533190   -2.0264080    1.0343750
  C    6.0401040    8.3566990   -1.7564260
  C    6.7848490    7.1383010   -2.2209690
  C    8.2380420    7.4522960   -2.4502030
  H    6.3466240    6.7616950   -3.1697320
  H    6.6802360    6.3454160   -1.4507570
  O    9.2031360    6.8177350   -1.7506990
  H    8.9949840    6.1502820   -1.0820810
  O    6.3533430    8.9040990   -0.7107770
  O    8.5545580    8.2852840   -3.2849650
  C   -1.2369350    6.4489690   -1.6654000
  C   -0.2568320    7.4275890   -2.2392230
  H   -0.9832380    5.4246970   -2.0099230
  H   -2.2718230    6.6888170   -1.9906910
  H   -1.1938980    6.4834870   -0.5566340
  N    1.0675430    7.3061430   -1.9574170
  C    2.0542240    8.2267890   -2.4941420
  H    1.3729190    6.5339340   -1.3442840
  C    3.4595500    7.8545550   -2.0234030
  H    1.8172540    9.2596780   -2.1564250
  H    2.0224800    8.1920540   -3.6054730
  S    4.6768240    9.0177530   -2.7221450
  H    3.6935560    6.8296000   -2.3776410
  H    3.4846040    7.9069480   -0.9130850
  O   -0.6602640    8.3295560   -2.9602310
$end

$rem
   BASIS  =  6-31G
   JOB_TYPE  =  Optimization
   METHOD  =  B3LYP
   SCF_CONVERGENCE  =  500
   SCF_ALGORITHM = DIIS_GDM  
$end
