$molecule
0 1
  N   -4.0288810    3.4171880   -1.2316400
  C   -2.6307440    3.7641090   -0.9872300
  H   -4.4759460    4.2004310   -1.7608860
  H   -4.5265420    3.3326330   -0.3149620
  C   -1.9028550    2.6662650   -0.2536350
  H   -2.5822730    4.6932140   -0.3790480
  H   -2.1240190    3.9414180   -1.9601150
  N   -0.5879190    2.8312130    0.0679860
  C    0.1790390    1.8422790    0.8192690
  H   -0.1381380    3.7240720   -0.1909720
  C    1.5143760    2.4414820    1.2255670
  N    2.4422300    2.7975160    0.2879460
  C    3.7379600    3.3816540    0.6236140
  H    2.2314490    2.6350300   -0.7087220
  C    4.8544260    2.4098720    0.2698340
  N    6.1473060    2.6782450    0.6155810
  C    7.2519310    1.7590760    0.3543910
  H    6.3531190    3.5704400    1.0874180
  C    8.5621350    2.4703560    0.6292800
  N    9.4576620    2.6722580   -0.3799980
  C   10.7343720    3.3445070   -0.1994110
  H    9.2268820    2.3404130   -1.3291440
  C   11.8859380    2.4477370   -0.5779720
  H   10.8803590    3.6731050    0.8513630
  H   10.7594680    4.2441920   -0.8482230
  O   13.1522490    2.9067170   -0.4988450
  H   13.3461420    3.8070140   -0.2023780
  O   -2.5021810    1.6501360    0.0715320
  O    1.7457420    2.5947820    2.4170200
  O    4.5804270    1.3698440   -0.3143750
  O    8.8006120    2.8665100    1.7625570
  O   11.6907300    1.3044590   -0.9612590
  C    0.3604520    0.5345110    0.0033550
  H   -0.3904670    1.6095220    1.7483970
  C    0.9874290   -0.5839110    0.7947140
  H    0.9608490    0.7230910   -0.9108850
  H   -0.6302090    0.1700760   -0.3326470
  C    2.2472860   -0.6231800    1.3586350
  N    2.4164160   -1.8125470    1.9690730
  H    2.9987400    0.1501260    1.3316570
  C    1.2601160   -2.4755080    1.7646380
  N    0.3766560   -1.7526080    1.0536600
  H    1.0671130   -3.4757440    2.1290420
  H   -0.5830000   -2.0458940    0.7645320
  C    3.8793890    4.7258540   -0.1150180
  H    3.8004510    3.5670760    1.7179290
  O    5.0449840    5.4111870    0.3100870
  H    3.0009720    5.3625360    0.1292300
  H    3.8662000    4.5106600   -1.2091640
  C    7.0923770    0.4820070    1.2341240
  H    7.2181750    1.4823340   -0.7212830
  C    8.1075710   -0.6791640    1.0508260
  H    6.0972560    0.0404300    1.0230890
  H    7.0821180    0.7785760    2.3063240
  C    9.5222760   -0.3599930    1.5524940
  H   10.0234760    0.4045210    0.9346550
  H   10.1504790   -1.2752180    1.5106880
  H    9.4865520   -0.0161200    2.6080920
  C    8.1454960   -1.1879220   -0.3949330
  H    7.7377480   -1.5112110    1.6914680
  H    8.5425580   -0.4101010   -1.0801000
  H    7.1257870   -1.4784720   -0.7259380
  H    8.8009500   -2.0819600   -0.4670100
  C    5.6437360    6.1921890   -0.7141080
  C    6.5912850    5.3340370   -1.5723780
  C    7.3320610    6.1571140   -2.5963140
  H    6.0306790    4.5310290   -2.0951110
  H    7.3261160    4.8515960   -0.8933500
  O    8.6776860    6.2610630   -2.5592300
  H    9.2055700    5.8299010   -1.8736130
  O    6.7161270    6.7282820   -3.4821700
  C   -2.1223090    7.8307690   -1.2693710
  C   -1.2832940    8.5406750   -2.2874340
  H   -2.0975390    6.7418830   -1.4738840
  H   -3.1762550    8.1793030   -1.3112650
  H   -1.7204590    8.0229860   -0.2524440
  N    0.0409410    8.2529920   -2.3939570
  C    0.8914220    8.9108220   -3.3690100
  H    0.4460930    7.5454090   -1.7603340
  C    2.3297060    8.4093620   -3.2613510
  H    0.8768390   10.0084550   -3.1905610
  H    0.5074800    8.7031610   -4.3917530
  S    3.3971400    9.2437320   -4.4748270
  H    2.3865810    7.3108490   -3.4196120
  H    2.7253140    8.6203980   -2.2459420
  H    2.9585610    8.4253720   -5.5335610
  O   -1.8008660    9.3749150   -3.0170140
  O    4.6747390    6.8502930   -1.5002720
  H    5.0190510    7.7598840   -1.6999050
  H    6.2639890    6.9558970   -0.1868670
$end

$rem
   BASIS  =  6-31G
   JOB_TYPE  =  Optimization
   METHOD  =  B3LYP
   SCF_CONVERGENCE  =  500
   SCF_ALGORITHM = DIIS_GDM  
$end
