$molecule
0 1
  N   -4.5722100    3.6658940    0.2594540
  C   -3.1717390    4.0011980    0.0129700
  H   -5.1652050    4.4659870   -0.0594230
  H   -4.7214260    3.5520390    1.2887680
  C   -2.2512870    2.8701710    0.3983790
  H   -2.9002790    4.9115130    0.5917360
  H   -3.0373690    4.2071660   -1.0699480
  N   -0.9027050    3.0165070    0.2484000
  C    0.0576540    1.9702610    0.5946450
  H   -0.5525140    3.9253420   -0.0955150
  C    1.4581650    2.5963290    0.6429440
  N    2.4562910    2.3095330   -0.2520820
  C    3.7656960    2.9645830   -0.2260590
  H    2.2912200    1.6370010   -1.0119220
  C    4.8957090    1.9529360   -0.0924940
  N    6.1590070    2.3897370    0.1880620
  C    7.3254690    1.5178700    0.2943860
  H    6.2983430    3.4044700    0.3102700
  C    8.5599150    2.3920130    0.4103710
  N    9.5038580    2.3879560   -0.5737060
  C   10.6911080    3.2278190   -0.5465110
  H    9.3711350    1.7766190   -1.3938240
  C   11.9519860    2.4039170   -0.5963890
  H   10.7266840    3.8598790    0.3662530
  H   10.6701370    3.9016510   -1.4291150
  O   13.1554990    3.0140740   -0.6006030
  H   13.2336620    3.9780810   -0.5712470
  O   -2.7184370    1.8362210    0.8575600
  O    1.6494410    3.4394980    1.5086120
  O    4.6751470    0.7620390   -0.2491380
  O    8.6818760    3.1210140    1.3861430
  O   11.9028540    1.1841210   -0.6347590
  C   -0.1128520    0.7514590   -0.3559880
  H   -0.1748770    1.6241170    1.6277440
  C    0.4560960   -0.5244620    0.2164440
  H    0.2755700    0.9713190   -1.3702940
  H   -1.1908090    0.5418790   -0.5003220
  C    1.7536240   -0.7967150    0.5952420
  N    1.8229720   -2.0587600    1.0620320
  H    2.5938770   -0.1341820    0.5539800
  C    0.5665760   -2.5344710    0.9607960
  N   -0.2821720   -1.6237550    0.4534780
  H    0.2751400   -3.5335530    1.2564510
  H   -1.3041520   -1.7523850    0.2815020
  C    3.9236300    3.8034770   -1.5118670
  H    3.8433630    3.6463070    0.6487400
  O    5.2020830    4.3198190   -1.6179970
  H    3.1491740    4.6024220   -1.5199630
  H    3.7514190    3.1587540   -2.4004240
  C    7.1842260    0.5550130    1.5108590
  H    7.3856470    0.9273620   -0.6444010
  C    8.2722760   -0.5367310    1.7106190
  H    6.2305720    0.0003240    1.4068680
  H    7.0982770    1.1541100    2.4440700
  C    9.6442670    0.0124930    2.1228140
  H   10.1240830    0.5880990    1.3122430
  H   10.3256920   -0.8290070    2.3712440
  H    9.5460530    0.6533700    3.0245040
  C    8.4025170   -1.4513950    0.4856490
  H    7.9234940   -1.1631670    2.5621760
  H    8.7869630   -0.8912020   -0.3921750
  H    7.4165010   -1.8946760    0.2304360
  H    9.1091360   -2.2807910    0.7020020
  C    5.5628750    5.6254470   -1.5979870
  C    7.0160410    5.9576510   -1.8180180
  C    7.3079590    7.4356380   -1.7631740
  H    7.3241670    5.5717620   -2.8129980
  H    7.6108430    5.4289440   -1.0426100
  O    8.1637010    7.9385240   -0.8476870
  H    8.6105510    7.3745550   -0.2009430
  O    4.7373610    6.5012400   -1.3831420
  O    6.7805320    8.1899110   -2.5654440
  C   -1.8866100    7.2580390   -1.2908810
  C   -1.0446330    8.0604730   -2.2346410
  H   -1.7788270    6.1823560   -1.5359270
  H   -2.9575170    7.5417620   -1.3747040
  H   -1.5497790    7.4308750   -0.2473550
  N    0.2977940    7.8543170   -2.2860860
  C    1.1532970    8.6011660   -3.1898300
  H    0.7130450    7.1428750   -1.6633410
  C    2.6101690    8.1722400   -3.0360400
  H    1.0693310    9.6870760   -2.9652360
  H    0.8289350    8.4194740   -4.2378060
  S    3.6832320    9.1125510   -4.1636450
  H    2.7300310    7.0861350   -3.2396120
  H    2.9513450    8.3561940   -1.9955940
  O   -1.5758600    8.8941460   -2.9550370
  H    3.3865340    8.2790690   -5.2590480
$end

$rem
   BASIS  =  6-31G
   JOB_TYPE  =  Optimization
   METHOD  =  B3LYP
   SCF_CONVERGENCE  =  500
   SCF_ALGORITHM = DIIS_GDM  
$end