$molecule
   0  1

N          8.95429        0.63478       -0.54137
C          7.77804        1.29843       -0.02650
C          6.53954        0.49241       -0.37205
O          6.55671       -0.46851       -1.12861
H          7.86830        1.37150        1.06039
H          7.60116        2.33123       -0.38139
H          8.86987        0.54208       -1.54369
H          9.76229        1.21945       -0.36999
N          5.39892        0.95221        0.19405
C          4.13162        0.33297       -0.06428
C          3.05484        1.30576        0.38947
O          3.29479        2.23018        1.16375
C          4.01680       -1.01822        0.68490
H          4.06555       -0.81123        1.75589
H          4.91740       -1.58060        0.42556
C          2.78587       -1.79562        0.42131
N          2.45289       -2.29785       -0.82272
C          1.26089       -2.94860       -0.70034
H          0.78214       -3.42660       -1.53959
N          0.80571       -2.90514        0.52374
C          1.74362       -2.18521        1.22102
H          1.62437       -1.98636        2.27441
H          3.00905       -2.22593       -1.65674
H          5.35976        1.78646        0.76255
H          4.03642        0.15522       -1.14204
N          1.83819        1.01179       -0.08982
C          0.61127        1.56549        0.41227
C         -0.47508        0.62730       -0.11362
O         -0.22562       -0.18210       -1.00541
H          0.62498        1.55707        1.50694
C          0.39892        3.00843       -0.01772
H          1.28201        3.57748        0.28513
H          0.30248        3.05884       -1.10929
O         -0.77177        3.44962        0.65074
H         -0.94098        4.35811        0.38575
H          1.68735        0.21848       -0.70190
N         -1.67596        0.72574        0.47070
C         -2.72072       -0.23488        0.15950
C         -4.01839        0.38055        0.63959
O         -4.18049        0.72274        1.80365
H         -2.72942       -0.37999       -0.92335
H         -1.85859        1.46672        1.12981
C         -2.41262       -1.55624        0.87077
H         -1.37697       -1.80206        0.62505
H         -2.45193       -1.35536        1.94501
C         -3.28142       -2.76648        0.53012
H         -2.79367       -3.60437        1.04302
C         -3.26657       -3.07767       -0.96042
H         -3.77092       -4.02349       -1.16981
H         -2.24532       -3.14451       -1.34033
H         -3.78709       -2.30693       -1.53912
C         -4.70729       -2.69283        1.06238
H         -5.20930       -3.65482        0.93443
H         -5.30551       -1.94981        0.52757
H         -4.72893       -2.43654        2.12251
N         -4.97953        0.53651       -0.29641
C         -6.26678        1.03622        0.07228
C         -7.14454        1.09057       -1.15395
O         -6.77554        0.76953       -2.25186
H         -6.72557        0.39988        0.84090
H         -6.18606        2.03265        0.52257
H         -4.85796        0.28833       -1.26531
O         -8.39575        1.53529       -0.94146
H         -8.50881        1.72647        0.00060

****

C         -2.10208        0.83244       -0.26634
H         -2.23611        1.46189       -1.14404
H         -1.96651        1.49964        0.59429
C         -0.86396       -0.01607       -0.35224
O         -0.65124       -0.93211        0.43743
S          0.25515        0.41857       -1.62495
C          1.51484       -0.89342       -1.29682
H          0.99630       -1.84771       -1.33466
H          2.22724       -0.80752       -2.11280
N          2.19648       -0.75667       -0.06026
H          1.67749       -1.02067        0.76294
C          3.23746        0.13588        0.05331
O          3.70065        0.69950       -0.92063
C          3.77021        0.29684        1.45083
H          2.97038        0.49020        2.17049
H          4.47861        1.12068        1.46887
H          4.28132       -0.61521        1.76908
C         -3.40584        0.06906       -0.02300
O         -4.44386        0.44345       -0.49644
O         -3.32657       -0.98730        0.79010
H         -2.38511       -1.16078        0.99229

$end

$rem

   MEM_STATIC 2000
   CC_MEMORY 30000
   JOBTYPE        fsm
   FSM_NGRAD      3
   FSM_NNODE      12
   FSM_MODE       2
   FSM_OPT_MODE   2
   METHOD         B97M-V
   BASIS          6-31G*
$end