$molecule
   0  1
    N       9.0817907382    -0.4365037868    -0.6660943642
    C       7.7638336348     0.0771275851    -0.9935664926
    H       9.8611317055     0.0725516127    -1.0598809420
    H       9.1526048038    -1.4429845017    -0.7617302415
    C       6.7146995835    -0.9251314628    -0.5354039151
    H       7.5852088532     0.2429667832    -2.0766034705
    H       7.5947928656     1.0429278540    -0.4997886754
    N       5.5086749825    -0.4240601388    -0.1725859437
    C       4.3855319504    -1.2819678822     0.1809570710
    H       5.3177060173     0.5712798211    -0.1704029440
    C       3.1264357563    -0.4153800336     0.1653711238
    N       1.9649833118    -1.0422021708     0.4486957323
    C       0.6763559664    -0.3541533672     0.4561605431
    H       1.9124884714    -2.0473021851     0.6117963965
    C      -0.4025344448    -1.4355496657     0.3311051661
    N      -1.6220151588    -0.9954693375    -0.0466410962
    C      -2.7728078352    -1.8847206127    -0.2742167819
    H      -1.7790335314    -0.0165393431    -0.2552596917
    C      -3.9905732424    -0.9764952140    -0.1221252181
    N      -5.0615313125    -1.4470335541     0.5358643052
    C      -6.2865042849    -0.6737850746     0.7240547001
    H      -5.0860830235    -2.3868589757     0.9228211048
    C      -7.2213225734    -1.4826860703     1.6048176317
    H      -6.7697908467    -0.4749255752    -0.2441133916
    H      -6.0654501486     0.3020670983     1.1760100527
    O      -8.3778783853    -0.8649509782     1.9878182057
    H      -8.4552509226     0.0706649420     1.7058660114
    O       6.9572798146    -2.1633029899    -0.5448198809
    O       3.1892186245     0.8215131830    -0.0909280373
    O      -0.1361830208    -2.6410085144     0.5740072679
    O      -3.9385211494     0.2005306405    -0.5991971390
    O      -6.9745903194    -2.6352101615     1.9564563839
    C       4.5815596483    -2.0203979249     1.5663864143
    H       4.2853656411    -2.0527578583    -0.5937973198
    C       4.4847338649    -3.5055361469     1.4539230780
    H       3.8408979153    -1.6659202746     2.2905916276
    H       5.5645041539    -1.7226506562     1.9495259125
    C       3.6056583351    -4.4425578074     1.9664767467
    N       3.9596120939    -5.7229002100     1.5430664665
    H       2.7560467617    -4.2844171460     2.6113729638
    C       5.0398013868    -5.5585054406     0.7782516461
    N       5.3960114097    -4.2338196100     0.6930027260
    H       5.5792669651    -6.3474258917     0.2816242908
    H       6.1490628359    -3.7965421691     0.1646457626
    C       0.5190509660     0.4937654410     1.7419216524
    H       0.6276548471     0.3274281789    -0.3997686749
    O      -0.7082681305     1.2800591479     1.6771263370
    H       1.3565188448     1.1917153809     1.8043326849
    H       0.5302999316    -0.1642074735     2.6182278271
    H      -1.3199198729     1.0351195519     2.3949711051
    C      -2.6470714073    -2.5481641793    -1.6781309746
    H      -2.7616057540    -2.6588672492     0.4987115928
    C      -3.6038138255    -3.7167534056    -2.0397059503
    H      -1.6217452838    -2.9350233904    -1.7106670197
    H      -2.7238667818    -1.7555697581    -2.4336070300
    C      -5.0196102486    -3.2690305574    -2.4572636555
    H      -5.5961168601    -2.8798820287    -1.6108074872
    H      -5.5799764082    -4.1175106419    -2.8668173943
    H      -4.9805035645    -2.4898020936    -3.2278773809
    C      -3.6475601975    -4.8058775280    -0.9483847844
    H      -3.1463904108    -4.1741153858    -2.9305264817
    H      -4.1927900189    -4.4718627568    -0.0555717466
    H      -2.6391383601    -5.1014524658    -0.6363287140
    H      -4.1634139809    -5.6990308178    -1.3172808491
    C      -3.1318601031     3.8210022195    -1.0687302278
    C      -3.0102759692     3.4029853174     0.3882558740
    C      -4.3544738613     3.2490097012     1.0884061647
    H      -2.4314085238     4.1508817394     0.9361603828
    H      -2.4546917371     2.4566821826     0.4279128383
    O      -5.1130801824     2.1803310212     0.6914321379
    H      -4.6980309507     1.5849106949     0.0038275933
    O      -4.1930002282     3.9678487659    -1.6657780137
    O      -4.7376610609     3.9931518170     1.9870861348
    C       4.3789228042     3.9235801151     0.6437132335
    C       3.1629187685     4.5291808627    -0.0330069262
    H       4.1290130622     3.0059907149     1.1840763687
    H       4.8064255787     4.6559982993     1.3293489489
    H       5.1320834323     3.6747976782    -0.1155493074
    N       2.3362717088     3.6246288130    -0.6559656726
    C       1.1898117372     4.0623455677    -1.4483438504
    H       2.5479968391     2.6331666612    -0.5850220280
    C      -0.1304666881     3.5329298755    -0.8729387557
    H       1.3029499195     3.7341215973    -2.4899001013
    H       1.1983499512     5.1551699581    -1.4334413656
    S      -1.5436222054     4.1679312840    -1.9968643875
    H      -0.2761604547     3.8718701712     0.1540628197
    H      -0.1643813896     2.4415176609    -0.8902463242
    O       2.9562699234     5.7632301962    -0.0522613911
****
   N       8.2984999930    -3.3978660938     0.4946948120
   C       7.2316486457    -2.5771303436    -0.0473951281
   H       9.2396590826    -3.0871171715     0.3000231947
   H       8.1501739398    -4.3908538455     0.3615553485
   C       5.9010733736    -3.2678072069     0.2171895427
   H       7.2816460219    -2.4105653041    -1.1442615392
   H       7.2388589887    -1.5821236722     0.4158423392
   N       4.8484958563    -2.4650002638     0.4955155405
   C       3.4786639434    -2.9414621188     0.6500033599
   H       4.9525676570    -1.4567696817     0.5673288888
   C       2.5925176796    -1.6985497783     0.5469584356
   N       1.2589773329    -1.9098459430     0.4291899377
   C       0.3118350171    -0.8096750278     0.2969852450
   H       0.8562596855    -2.8356230332     0.2935958182
   C      -1.0401184230    -1.4363094238    -0.1072127956
   N      -2.0545578496    -0.5538516605    -0.2540811105
   C      -3.4230421619    -0.9162048927    -0.6433463994
   H      -1.8855533626     0.4195867602    -0.0423487818
   C      -4.3297978301    -0.0897446102     0.2691668924
   N      -5.3030465570    -0.7270860325     0.9450629350
   C      -6.2288114324    -0.0119785464     1.8094589814
   H      -5.4538140833    -1.7284078513     0.8698108000
   C      -7.2471809985    -1.0066743524     2.3463410058
   H      -6.7308791181     0.7896282464     1.2511360100
   H      -5.6921984352     0.4676538644     2.6394761636
   O      -8.2186154761    -0.4980644172     3.1672230841
   H      -8.1602589707     0.4673751369     3.3228541978
   O       5.8032573142    -4.5232540056     0.1269066710
   O       3.0861066944    -0.5420078329     0.6169934341
   O      -1.1535149352    -2.6744886131    -0.2781813061
   O      -4.1717233011     1.1631575534     0.4077028064
   O      -7.2209412874    -2.2021721574     2.0700454241
   C       3.2319228368    -3.7200831013     2.0064788317
   H       3.2457026666    -3.6240992146    -0.1764530561
   C       2.8467404650    -5.1483638680     1.8111408450
   H       2.4425105248    -3.2233028644     2.5805889768
   H       4.1531804963    -3.6288419953     2.5959882295
   C       1.7425172833    -5.8809351568     2.2086959655
   N       1.8552659535    -7.2025686687     1.7799603642
   H       0.8874732091    -5.5506416040     2.7768053595
   C       3.0158888840    -7.2630318951     1.1243152522
   N       3.6531654760    -6.0460867257     1.1164845008
   H       3.4217097117    -8.1421865677     0.6527728714
   H       4.5371844152    -5.7754722127     0.6822887290
   C       0.2570285874     0.0141906838     1.6050407647
   H       0.6467985029    -0.1355689879    -0.5048345713
   O      -0.6970919221     1.1373775983     1.4548721791
   H       1.2488141347     0.4124713988     1.8211556069
   H      -0.1291941665    -0.5778199540     2.4344533437
   H       2.5298683382     8.4091859594    -1.8005724574  
   C      -3.6295307993    -0.6400770053    -2.1611429869
   H      -3.5419351907    -1.9844103402    -0.4423646569
   C      -4.9551713609    -1.1072497353    -2.8206177979
   H      -2.7995642234    -1.1621575418    -2.6542953307
   H      -3.4814322025     0.4329644000    -2.3362258960
   C      -6.1643805105    -0.1986409649    -2.5161398893
   H      -6.4929407800    -0.2847881806    -1.4738315805
   H      -7.0164669597    -0.4793591830    -3.1460274965
   H      -5.9319649794     0.8535706624    -2.7152629864
   C      -5.2673010162    -2.5909611277    -2.5359926413
   H      -4.7663578716    -1.0204664347    -3.9013145891
   H      -5.5689792707    -2.7568380389    -1.4936578370
   H      -4.3997644252    -3.2300660082    -2.7394688161
   H      -6.0948105322    -2.9371976939    -3.1646428852
   C      -0.2231632440     2.4095697007     1.1846101181
   C      -1.3750295278     3.3715814537     1.0032136137
   C      -1.6566300951     3.5462835173    -0.5032728230
   H      -1.0767114726     4.3441319661     1.3966018247
   H      -2.2545299426     3.0058658523     1.5365909445
   O      -2.6071858821     2.7342741040    -1.0351103466
   H      -3.2136264916     2.2275250706    -0.4097021029
   O       0.9725359175     2.6764727522     1.0635946414
   O      -1.0151662293     4.3357043802    -1.1919229413
   C       4.2502563276     2.2533746439    -0.7764430195
   C       3.9412978982     3.6077451507    -1.3857343666
   H       5.2200905333     2.2856598981    -0.2699452827
   H       4.3412497856     1.5193627025    -1.5862449626
   H       3.4911276855     1.8971834843    -0.0778332851
   N       2.6967037042     4.1108321875    -1.1083009297
   C       2.2160279456     5.3656148796    -1.6879221992
   H       2.0855459782     3.6063649321    -0.4780320864
   C       1.8322445005     6.3617756251    -0.5919364136
   H       1.3498817975     5.1830459909    -2.3342607697
   H       3.0338537534     5.7502580154    -2.3033204478
   S       1.2990890507     8.0546278674    -1.2907557088
   H       2.6520940819     6.5175522410     0.1123613574
   H       0.9472386281     6.0184001677    -0.0511454306
   O       4.7668690654     4.2035604335    -2.1186808194
$end

$rem
   JOBTYPE        fsm
   FSM_NGRAD      3
   FSM_NNODE      12
   FSM_MODE       2
   FSM_OPT_MODE   2
   METHOD         b3lyp
   BASIS          6-31G
$end