$comment
   GHSLG peptide geom opt with no constraints.
$end

$molecule
   0  1

C          4.91457        3.26263        7.48276
C          3.78254        2.44399        6.92195
N          6.17150        2.53395        7.35499
O          3.81708        2.12231        5.74245
C          1.40609        0.07552        8.18034
C          1.59035        1.29942        7.24658
C          0.34095        2.17857        7.26613
N          2.73257        2.08338        7.71419
O          0.41374        3.27893        7.79688
C          2.53618       -0.92207        8.18774
N          2.55448       -1.99430        8.99723
C          3.69905       -2.64355        8.72217
N          4.41527       -2.02918        7.76001
C          3.68625       -0.94781        7.42105
C         -2.31504       -0.11821        6.57613
C         -1.12065        0.60953        5.93450
C         -1.42684        0.91355        4.47298
N         -0.84771        1.82850        6.68805
O         -1.73149       -0.02296        3.74769
O         -2.03092       -0.42757        7.91187
C         -0.71279        1.78388        1.56392
C         -1.63772        2.53215        2.56900
C         -3.11370        2.34753        2.20532
N         -1.35766        2.18331        3.95935
O         -3.45663        2.61351        1.06066
C          0.80495        2.10697        1.65396
C          1.47160        1.63189        2.95503
C          1.52852        1.45403        0.46507
C         -5.45675        1.80719        2.73163
C         -6.34835        1.37222        3.87473
N         -4.05724        1.94807        3.10968
O         -5.89759        1.16463        4.99052
O         -7.67132        1.20907        3.66566
H          4.73821        3.50989        8.55303
H          4.98161        4.21579        6.91530
H          6.12510        1.66792        7.93999
H          6.94223        3.13276        7.72989
H          0.49750       -0.49374        7.92100
H          1.27140        0.45112        9.21813
H          1.75147        0.97438        6.19644
H          2.72444        2.40307        8.69564
H          1.83165       -2.26945        9.69873
H          4.00952       -3.55559        9.21443
H          3.98347       -0.24630        6.66030
H         -2.51625       -1.05968        6.01656
H         -3.21325        0.53884        6.53047
H         -0.25186       -0.07446        5.92555
H         -1.62346        2.50748        6.75812
H         -2.82788       -0.90510        8.26017
H         -1.03139        2.10613        0.54764
H         -0.87043        0.68716        1.60981
H         -1.43759        3.61910        2.43505
H         -1.07379        2.96463        4.56648
H          0.94427        3.20705        1.56700
H          1.33512        0.53762        3.09067
H          1.08020        2.16678        3.83829
H          2.56048        1.85098        2.92482
H          1.42464        0.34795        0.49947
H          2.60954        1.71074        0.47981
H          1.10809        1.82126       -0.49545
H         -5.83181        2.78370        2.35596
H         -5.54136        1.05263        1.92047
H         -3.78541        1.76223        4.08191
H         -8.07021        1.36515        2.79828

$end

$rem
   JOBTYPE           opt
   EXCHANGE        b3lyp            
   BASIS             6-31G*
$end