$comment
   GHSLG peptide geom opt with no constraints.
$end

$molecule
0 1
  N    8.8650830    0.6444490   -0.0280980
  C    7.7719010    1.5346630   -0.4058150
  C    6.5204470    0.7411570   -0.6739920
  O    6.5331900   -0.0891950   -1.5718660
  H    7.6022190    2.2644180    0.4148160
  H    8.0473530    2.1026190   -1.3219250
  H    9.0892310    0.0107160   -0.8300050
  H    9.7140760    1.2249290    0.1604270
  N    5.3862000    0.9624590    0.0513880
  C    4.1458660    0.2349500   -0.1872220
  C    3.0135770    0.8127470    0.6420780
  O    3.0593180    0.7317370    1.8623360
  C    4.3024590   -1.2686900    0.1544890
  H    4.6437530   -1.3650520    1.2091430
  H    5.0630180   -1.7481220   -0.4933750
  C    3.0039290   -2.0138140   -0.0057480
  N    2.3154390   -2.1312650   -1.1522740
  C    1.2209190   -2.8507000   -0.8408380
  H    0.4516490   -3.1193720   -1.5523650
  N    1.1881960   -3.1968980    0.4631170
  C    2.3114030   -2.6704650    0.9893700
  H    2.5981650   -2.7549220    2.0294970
  H    2.5680230   -1.7436020   -2.0879350
  H    5.3993680    1.6992110    0.7738740
  H    3.8830630    0.3391370   -1.2633620
  N    1.9300530    1.3554870    0.0182820
  C    0.7075120    1.7362490    0.7137650
  C   -0.4423050    0.9104540    0.1556200
  O   -0.2870370    0.3123500   -0.9015700
  H    0.7996050    1.5019440    1.7971070
  C    0.4847950    3.2447280    0.5610540
  H    1.3717890    3.7644210    0.9884720
  H    0.3994350    3.5115800   -0.5157800
  O   -0.6500440    3.6576400    1.2317690
  H    1.9449700    1.4494030   -1.0094010
  N   -1.5936710    0.7444840    0.8676080
  C   -2.6651770   -0.1442390    0.4272480
  C   -3.9812200    0.5984750    0.4462750
  O   -4.3978320    1.0419560    1.5076510
  H   -2.4620930   -0.4947740   -0.6049300
  H   -1.6754490    1.1935910    1.7928120
  C   -2.6605920   -1.3998520    1.3352980
  H   -1.6251930   -1.8078100    1.2923820
  H   -2.8460850   -1.1040330    2.3911460
  C   -3.6001220   -2.5799750    0.9604530
  H   -3.3345840   -3.4133510    1.6486950
  C   -3.3724900   -3.0778870   -0.4748580
  H   -3.9808510   -3.9877750   -0.6645850
  H   -2.3034170   -3.3381430   -0.6283300
  H   -3.6702880   -2.3101680   -1.2193520
  C   -5.0849380   -2.2844840    1.2010250
  H   -5.6842380   -3.2033410    1.0248250
  H   -5.4684010   -1.5054830    0.5204070
  H   -5.2453870   -1.9647440    2.2522320
  N   -4.6984200    0.7577020   -0.7033860
  C   -5.9908350    1.4228420   -0.7571110
  C   -7.0605570    0.4962330   -1.2816060
  O   -6.7947660   -0.6538840   -1.5959390
  H   -6.3072410    1.7834130    0.2446980
  H   -5.9160570    2.3005970   -1.4327380
  H   -4.3186740    0.3851310   -1.5871270
  O   -8.3303050    0.9339040   -1.4101880
  H   -8.5817030    1.8360760   -1.1683990
  C   -1.0161160    4.9620150    1.3387890
  C   -2.3325350    5.2905180    2.0058430
  C   -2.6809370    6.7614230    2.1362000
  H   -2.3200170    4.8541900    3.0267690
  H   -3.1369920    4.7966210    1.4209170
  O   -3.8515220    7.1197810    2.7036300
  H   -4.4822560    6.4601350    3.0240420
  O   -0.2859590    5.8432390    0.9043100
  O   -1.9268240    7.6381540    1.7441410


$end

$rem
   JOBTYPE           opt
   EXCHANGE        B97M-V            
   BASIS             6-31G*
$end