$molecule
0 1
  N    9.0204850    0.8123170   -0.2022370
  C    7.8166690    1.3744160    0.4054590
  C    6.5733030    0.6439150   -0.0404100
  O    6.6626950   -0.2873640   -0.8292540
  H    7.8970180    1.2924650    1.5108880
  H    7.7295010    2.4494150    0.1329320
  H    8.9862640    0.9665020   -1.2365340
  H    9.8504660    1.3300720    0.1672010
  N    5.3568140    1.0429050    0.4296580
  C    4.0989330    0.3946880    0.0472510
  C    2.8874230    1.1964450    0.5393120
  O    3.0445520    2.1174510    1.3289250
  C    4.0741590   -1.0521100    0.6186250
  H    4.0861690   -0.9911190    1.7291740
  H    4.9764880   -1.6134090    0.3065620
  C    2.9010260   -1.8730630    0.1713240
  N    2.6369650   -2.2025560   -1.1035530
  C    1.5080420   -2.9337790   -1.0581210
  H    1.0255040   -3.3538650   -1.9305550
  N    1.0451570   -3.0845100    0.2007890
  C    1.9236280   -2.4181220    0.9758950
  H    1.8508570   -2.3350120    2.0521020
  H    3.1871510   -1.9459790   -1.9530280
  H    5.3478340    1.8602200    1.0577500
  H    4.0560180    0.3852860   -1.0645450
  N    1.6321440    0.8905800    0.0993460
  C    0.4278650    1.5837280    0.5452840
  C   -0.7975030    0.8738050   -0.0022230
  O   -0.9509150    0.7994650   -1.2143760
  H    0.3954080    1.5515840    1.6570720
  C    0.4216290    3.0547270    0.0867820
  H    1.2995820    3.5930990    0.4970970
  H    0.4689820    3.0954970   -1.0238980
  O   -0.7309480    3.6755190    0.5298950
  H    1.5235870    0.1195690   -0.5726550
  N   -1.7075140    0.3191340    0.8483180
  C   -2.8985170   -0.3914280    0.4032070
  C   -4.1120310    0.3405710    0.9312440
  O   -4.2599250    0.4582050    2.1408160
  H   -2.9353780   -0.4097420   -0.7055390
  H   -1.5477030    0.3954970    1.8650720
  C   -2.8112000   -1.8573320    0.8979490
  H   -1.8431820   -2.2605860    0.5247480
  H   -2.7579200   -1.8702630    2.0091290
  C   -3.9090000   -2.8555510    0.4373030
  H   -3.5994200   -3.8513850    0.8263000
  C   -3.9923860   -2.9636170   -1.0911040
  C   -5.2933650   -2.5716140    1.0335700
  H   -5.9943980   -3.3901190    0.7635280
  H   -5.7250880   -1.6315030    0.6463250
  H   -5.2322540   -2.5219150    2.1413070
  N   -5.0258860    0.8727740    0.0726090
  C   -6.1978800    1.5866370    0.5575870
  C   -7.0846740    2.1056990   -0.5518930
  O   -6.8094600    1.9177870   -1.7266870
  H   -6.8021900    0.9051400    1.1948020
  H   -5.8676880    2.4538770    1.1692450
  H   -4.8712620    0.7604210   -0.9401980
  O   -8.2056710    2.7914930   -0.2456600
  H   -8.4611170    2.9596930    0.6722170
  C   -1.0652820    4.9711680    0.2944100
  C   -0.1565160    5.8867640   -0.5131570
  C   -0.6273690    7.3131500   -0.7156400
  H   -0.0184200    5.4360980   -1.5183960
  H    0.8290690    5.9309570   -0.0038910
  O    0.1379780    8.1700780   -1.4235980
  H    0.9831640    7.8963080   -1.8068560
  O   -2.1206650    5.3817800    0.7504290
  O   -1.6847780    7.7131090   -0.2547600
  C  -14.6835500    0.4796320    0.4580670
  C  -13.5728100   -0.5010040    0.2283880
  H  -14.7543280    1.1720950   -0.4067140
  H  -14.4803930    1.0644670    1.3794130
  H  -15.6554040   -0.0462270    0.5752810
  H   -2.9985270   -3.2257600   -1.5123250
  H   -4.3394230   -2.0109330   -1.5426280
  H   -4.7107440   -3.7610630   -1.3778690
  N  -12.2982280   -0.0581860    0.0595240
  C  -11.1944420   -0.9737630   -0.1668870
  H  -12.1180390    0.9578070    0.0935880
  C   -9.8767490   -0.2165930   -0.3240920
  H  -11.3877310   -1.5610440   -1.0912930
  H  -11.1113480   -1.6707270    0.6957480
  S   -8.5069560   -1.3739260   -0.6282390
  H   -9.6513340    0.3860130    0.5818120
  H   -9.9352090    0.4866720   -1.1817840
  H   -8.3681950   -1.6818760    0.7388030
  O  -13.8260460   -1.6972950    0.1946420
$end

$rem
   BASIS  =  6-31G
   GUI  =  2
   JOB_TYPE  =  Optimization
   METHOD  =  B3LYP
   SCF_CONVERGENCE  =  8
$end