$rem
method                  b97-m
basis                   STO-3G
qm_mm_interface         oniom
force_field             oplsaa
user_connect            true
jobtype                 opt
molden_format           true
$end

$qm_atoms
48 425 426 427 463 464 465 466 679 680 681 682 694 704 705 708 709 2316 2317 2318 2319 2320 2321 2322 2323
$end

$molecule
0 1
N      52.32000     16.12000     12.18500
C      53.29100     15.88500     11.08400
C      54.65500     16.51900     11.35800
O      55.61800     15.79700     11.54900
C      52.72200     16.37500      9.75100
C      52.79100     15.35400      8.62500
C      53.55800     15.88800      7.41500
N      53.85100     15.01400      6.45100
O      53.88300     17.07400      7.36300
N      54.77900     17.84500     11.33700
C      56.04000     18.45200     11.74300
C      56.09000     19.20400     13.08200
O      55.10100     19.75800     13.56200
C      56.57100     19.33900     10.62800
C      55.76500     20.56500     10.37600
C      56.17100     21.78700     10.86600
C      54.62300     20.51300      9.61600
C      55.43800     22.92300     10.61100
C      53.88300     21.65000      9.36700
C      54.29200     22.85200      9.85300
N      57.27500     19.22200     13.67600
C      57.52300     20.04200     14.83500
C      58.59300     21.06100     14.55800
O      59.49900     20.82300     13.76000
C      57.96200     19.17200     15.98600
N      58.52800     22.18800     15.25300
C      59.65400     23.10500     15.25000
C      60.55800     22.79100     16.42400
O      60.07100     22.51900     17.53200
C      59.16800     24.55000     15.31100
C      58.68600     25.09200     13.97800
C      58.69700     24.30200     12.85000
C      58.22300     26.38000     13.86900
C      58.26200     24.77900     11.64100
C      57.78100     26.87000     12.64800
C      57.80400     26.06600     11.53500
N      61.87500     22.80900     16.17600
C      62.86100     22.64400     17.24400
C      63.94500     23.67800     17.26600
O      64.45500     24.08400     16.24200
C      63.59300     21.32600     17.14200
C      62.61400     20.18700     17.20300
C      64.38700     21.29000     15.88200
N      64.34000     24.04600     18.46900
C      65.04300     25.28100     18.70700
C      66.37200     25.10400     19.41100
O      66.42500     24.72000     20.56600
C      64.17700     26.13400     19.59000
C      62.95600     26.60900     18.91700
C      61.77600     25.92200     19.04400
C      62.99100     27.73700     18.13000
C      60.66400     26.37100     18.41700
C      61.87900     28.17500     17.51500
C      60.71000     27.49800     17.66500
N      67.43500     25.50000     18.73700
C      68.80200     25.35700     19.26000
C      69.13000     26.29600     20.39700
O      68.35400     27.18100     20.68300
C      69.70100     25.62200     18.04800
C      68.81500     26.26500     16.99800
C      67.38700     26.17600     17.43700
N      70.25500     26.05200     21.05600
C      70.80000     26.97800     22.02700
C      72.30500     26.96100     21.96400
O      72.87000     26.76400     20.90000
N      72.96300     27.18500     23.09000
C      74.39100     27.50800     23.05900
C      75.13300     26.51900     22.17900
O      74.83800     25.33300     22.19000
C      74.98900     27.51100     24.45300
C      76.29400     28.25900     24.53500
C      76.13200     29.69200     25.00400
N      75.27300     29.91400     26.01100
O      76.78800     30.58700     24.47300
N      76.07900     27.03300     21.40100
C      76.80800     26.23600     20.43500
C      76.48000     26.61800     19.00300
O      77.28500     26.43700     18.09200
N      75.28200     27.14000     18.78800
C      74.80100     27.34000     17.43000
C      75.11800     28.71700     16.86100
O      75.03800     28.93200     15.66700
C      73.30200     27.09000     17.40500
O      73.04600     25.73900     17.74900
N      75.46400     29.65000     17.73400
C      75.87800     30.99100     17.35500
C      76.93300     30.95300     16.24000
O      77.85300     30.14000     16.27500
C      76.45600     31.66500     18.59900
C      77.91300     31.28200     18.89300
C      78.10100     30.61700     20.25100
N      79.17900     30.97700     20.94900
O      77.28200     29.79800     20.66200
N      76.79300     31.81500     15.24100
C      77.94900     32.33400     14.51100
C      77.85800     33.80300     14.22300
O      76.78500     34.36300     14.06500
C      78.19300     31.62500     13.15900
C      79.21400     30.53600     13.33100
O      77.01700     30.94400     12.71400
N      79.02900     34.40600     14.14000
C      79.16000     35.73500     13.64900
C      78.74500     35.61800     12.21000
O      79.29200     34.80700     11.48000
C      80.60500     36.19600     13.76800
C      80.80600     37.47200     13.01900
C      80.99800     36.38200     15.23100
N      77.74100     36.39300     11.81300
C      77.22200     36.30900     10.46500
C      75.83700     35.70100     10.37200
O      75.19600     35.76900      9.32700
N      75.36000     35.10700     11.45600
C      74.22500     34.20800     11.34400
C      72.99400     35.00300     10.89900
O      72.82600     36.12200     11.31500
C      73.98200     33.49000     12.67000
C      74.00500     34.39900     13.88200
S      73.42800     33.53900     15.32800
C      73.44700     34.81000     16.52000
N      72.16600     34.41300     10.03800
C      70.92800     35.03400      9.54800
C      71.17300     36.17000      8.56500
O      70.23400     36.76500      8.03900
C      70.04000     35.54500     10.69100
C      69.38600     34.52000     11.63400
C      68.01900     35.00000     12.07100
C      69.25300     33.18300     10.99000
N      72.42600     36.46100      8.26400
C      72.67700     37.51900      7.29600
C      71.80000     37.35900      6.04800
O      71.14400     38.30500      5.61600
C      74.13000     37.56400      6.92600
N      71.81000     36.16700      5.46700
C      71.10500     35.90400      4.22200
C      69.63400     36.08600      4.46100
O      68.91900     36.61800      3.62800
C      71.36900     34.48300      3.71800
C      72.79600     34.29100      3.19900
O      73.44900     35.30600      2.87500
O      73.34900     33.17200      3.06900
N      69.14000     35.65100      5.59600
C      67.70300     35.67700      5.72700
C      67.38500     37.14600      5.78800
O      66.45900     37.62300      5.14500
C      67.23300     34.91500      6.95700
C      65.75200     34.62200      6.96700
S      65.26700     33.19400      6.01200
C      66.71500     32.27600      6.08200
N      68.20200     37.87800      6.53000
C      67.94200     39.28700      6.78500
C      67.76100     40.03500      5.46100
O      66.96100     40.96800      5.34300
C      69.07400     39.89700      7.60500
N      68.49300     39.61600      4.44800
C      68.50300     40.36000      3.19500
C      67.17800     40.16100      2.46300
O      66.78000     40.98400      1.64100
C      69.65500     39.90500      2.34400
N      66.48300     39.06900      2.76200
C      65.27300     38.76100      2.02600
C      64.05600     38.96500      2.87900
O      62.95000     38.84500      2.39000
C      65.30500     37.34100      1.44700
O      65.17800     37.37900      0.03000
N      64.25800     39.29900      4.15200
C      63.15000     39.42900      5.10000
C      63.39200     40.49900      6.15800
O      63.95700     40.24300      7.21200
C      62.88400     38.10100      5.81000
C      62.45600     37.01700      4.88800
C      61.13000     36.83900      4.58400
C      63.38400     36.17900      4.30100
C      60.72200     35.85400      3.73000
C      62.99700     35.20200      3.43600
C      61.65400     35.03100      3.15600
O      61.24700     34.03900      2.27000
N      62.92600     41.69500      5.87500
C      63.05100     42.83900      6.78000
C      62.73000     42.54400      8.23000
O      63.20100     43.24300      9.11800
C      62.02700     43.81800      6.23800
C      61.99000     43.51800      4.77900
C      62.26400     42.03800      4.61900
N      61.91200     41.54600      8.49800
C      61.44000     41.41200      9.86900
C      62.51000     40.82300     10.77300
O      62.43200     40.97700     11.98700
C      60.20500     40.56000      9.93200
C      59.47000     40.86400     11.23000
C      60.59700     39.14200      9.82700
C      58.06000     40.34700     11.23800
N      63.51000     40.16500     10.18100
C      64.63200     39.69600     10.95100
C      65.26000     40.85000     11.70700
O      65.44700     40.76200     12.92000
C      65.69000     39.00700     10.10400
C      66.86600     38.60100     10.98100
C      65.12300     37.78200      9.41300
N      65.56700     41.94400     11.01600
C      66.17100     43.11000     11.67700
C      65.17100     43.87900     12.53600
O      65.54700     44.40300     13.59200
C      66.83000     44.04500     10.66600
C      68.14000     43.51300     10.13000
C      68.99400     44.54000      9.39200
O      69.31600     45.61300      9.96600
O      69.37800     44.24500      8.23200
N      63.90900     43.95700     12.11700
C      62.96000     44.70700     12.92200
C      63.07000     43.98400     14.23300
O      63.12000     44.59900     15.28500
C      61.52300     44.73000     12.35500
C      61.46100     44.68900     10.82500
C      60.25300     45.42100     10.20800
O      59.10500     44.90400     10.33200
O      60.44600     46.49600      9.56300
N      63.19400     42.66900     14.15500
C      63.13800     41.83400     15.33800
C      64.33600     42.07800     16.25900
O      64.19200     42.19800     17.49000
C      63.08200     40.36100     14.92600
C      62.82300     39.46600     16.12800
O      61.94000     40.13800     14.08800
N      65.52400     42.14200     15.68700
C      66.68300     42.36300     16.52100
C      66.62100     43.75600     17.10900
O      67.19300     44.04500     18.16200
C      67.96300     42.14300     15.73200
C      68.39600     40.71600     15.71200
C      67.80900     39.81800     14.84900
C      69.36500     40.25900     16.59300
C      68.20100     38.51100     14.83700
C      69.75100     38.96300     16.58700
C      69.16400     38.08200     15.70100
N      65.91600     44.62900     16.41000
C      65.76700     45.99800     16.85900
C      64.95700     45.97500     18.13500
O      65.34300     46.55300     19.14300
C      65.08700     46.80400     15.79500
N      63.86300     45.22700     18.10800
C      62.97700     45.16800     19.25400
C      63.74400     44.69800     20.50300
O      63.53500     45.20900     21.59800
C      61.71000     44.36300     18.91900
C      60.82000     45.07100     17.88700
C      59.83700     44.15600     17.15900
O      59.31700     43.21700     17.80500
O      59.57900     44.39000     15.94100
N      64.68600     43.78800     20.32100
C      65.40500     43.20700     21.45000
C      66.57400     44.07300     21.86400
O      66.87100     44.21100     23.03800
C      65.90300     41.84600     21.08100
N      67.24200     44.62900     20.86900
C      68.27000     45.60900     21.07600
C      67.76100     46.71400     22.00200
O      68.45300     47.15300     22.93900
C      68.67500     46.15300     19.72700
O      69.88800     45.58800     19.26500
N      66.51800     47.11700     21.78900
C      65.93800     48.18300     22.58600
C      65.63000     47.71500     23.98900
O      65.26800     48.50800     24.82800
C      64.66700     48.70400     21.93500
N      65.72400     46.42500     24.23800
C      65.41100     45.89400     25.56100
C      66.69900     45.54800     26.31800
O      66.71400     45.52100     27.53800
C      64.53400     44.67000     25.43100
N      67.76600     45.27300     25.57400
C      69.05300     44.99800     26.14600
C      69.84200     46.28100     26.30800
O      70.72000     46.38700     27.17100
C      69.81400     44.03600     25.24600
C      69.10800     42.69400     24.99500
C      69.76700     41.88900     23.86000
C      69.11500     41.90800     26.24900
N      69.54000     47.26100     25.45900
C      70.19900     48.54900     25.53200
C      71.51700     48.49400     24.81900
O      72.44600     49.20900     25.18600
N      71.59600     47.62300     23.81500
C      72.67800     47.64600     22.84300
C      72.24500     46.99700     21.54700
O      71.18000     46.39800     21.47700
C      73.91400     46.94400     23.37900
C      73.77800     45.45200     23.57900
C      74.04300     44.56400     22.55900
C      73.39700     44.93500     24.79900
C      73.91400     43.19100     22.76200
C      73.27200     43.58200     25.00500
C      73.53400     42.71500     24.00100
O      73.41000     41.36200     24.23800
N      73.06500     47.15400     20.51300
C      72.74400     46.64600     19.18500
C      73.09400     45.19000     19.09400
O      74.26900     44.86200     18.95600
C      73.56300     47.37100     18.12800
C      72.95300     47.26900     16.75500
O      72.13900     46.32500     16.57800
O      73.22200     48.07100     15.81000
N      72.08600     44.32300     19.14700
C      72.30000     42.89500     19.22700
C      72.56200     42.34100     17.84100
O      73.30500     41.37400     17.67400
C      71.07000     42.23100     19.81900
C      71.19000     40.71600     20.06000
C      72.26400     40.46400     21.08200
C      69.86700     40.12800     20.52200
N      71.95300     42.96800     16.84300
C      72.17600     42.59600     15.45500
C      73.63200     42.89000     15.15100
O      74.34500     42.05500     14.62100
C      71.22200     43.36700     14.52300
C      71.43200     43.14200     13.05400
C      71.93600     44.03200     12.15300
C      71.12500     41.95900     12.31400
C      71.47200     42.20000     10.96800
C      70.59100     40.72000     12.65000
N      71.96000     43.47600     10.89500
C      71.31100     41.25000      9.97100
C      70.43800     39.77900     11.66100
C      70.79900     40.04900     10.33200
N      74.08800     44.06900     15.53600
C      75.46600     44.44200     15.25600
C      76.36200     43.46000     15.96400
O      77.40000     43.06100     15.44800
C      75.75200     45.86400     15.72500
N      75.94400     43.03300     17.14500
C      76.70900     42.02600     17.86500
C      76.86200     40.77800     17.00500
O      77.96400     40.34600     16.73200
C      76.05100     41.68900     19.19600
C      76.91400     40.72300     20.00400
C      78.38100     41.12400     19.94000
C      76.44300     40.59600     21.45100
N      75.75000     40.21500     16.55300
C      75.80700     38.96000     15.84300
C      76.52800     39.09700     14.51500
O      77.06600     38.12300     14.00700
C      74.40400     38.42300     15.57700
C      73.53300     38.52100     16.79500
O      73.75100     39.25300     14.61200
N      76.49900     40.27900     13.90900
C      76.97700     40.40900     12.53400
C      78.47300     40.65900     12.50800
O      79.17000     40.27700     11.57800
C      76.25800     41.53500     11.81700
C      74.83900     41.22900     11.47500
C      74.69700     39.91500     10.75600
N      74.20900     38.90600     11.47100
O      75.01900     39.80400      9.56700
N      78.96700     41.31400     13.54000
C      80.32500     41.81300     13.50900
C      81.16700     41.14300     14.59900
O      82.39900     41.16600     14.55600
C      80.31000     43.33800     13.64900
C      80.19900     44.07600     12.30800
C      78.94700     44.96600     12.20300
N      78.94700     46.09800     12.93600
O      78.00100     44.64000     11.46000
N      80.49800     40.51600     15.56000
C      81.16600     40.01100     16.74200
C      81.87300     41.10400     17.51300
O      81.37100     42.23000     17.63000
N      83.04700     40.76800     18.03800
C      83.66700     39.46200     17.78000
C      82.92700     38.25800     18.36300
O      82.06300     38.38300     19.23100
C      85.04200     39.57600     18.45200
C      85.24800     41.02100     18.70000
C      83.89000     41.62000     18.89000
N      83.30000     37.09200     17.85700
C      83.05500     35.82300     18.50900
C      83.28100     35.80300     20.02200
O      82.38800     35.40900     20.77900
C      83.91700     34.76500     17.85600
N      84.48100     36.16800     20.46400
C      84.79800     36.05300     21.87300
C      83.56500     36.54000     22.59200
O      83.12100     35.94700     23.56900
C      86.00600     36.90900     22.24000
C      86.97000     36.26400     23.23100
C      88.39800     36.81600     23.13000
O      88.86200     37.11200     21.99700
O      89.06700     36.95400     24.18700
N      82.99600     37.61900     22.07800
C      81.97300     38.35200     22.78500
C      80.65200     37.66300     22.57300
O      79.94500     37.31500     23.53100
C      81.88000     39.77200     22.24300
C      82.84800     40.75600     22.87800
C      82.49700     41.07200     24.32200
O      81.29700     41.29900     24.62700
O      83.43100     41.09700     25.15400
N      80.31700     37.46500     21.30300
C      79.06700     36.79800     20.94200
C      78.95700     35.44000     21.63500
O      77.87000     34.89200     21.74200
C      78.94300     36.61300     19.42300
C      77.74600     35.74700     18.99500
C      76.46300     36.27900     19.61500
C      77.59300     35.63100     17.47000
N      80.08100     34.89400     22.09300
C      80.06000     33.58900     22.73200
C      79.89600     33.67000     24.23600
O      79.78800     32.63900     24.89800
C      81.31700     32.79900     22.39900
C      81.35000     32.35000     20.94900
N      82.50300     31.85500     20.50300
O      80.35700     32.47400     20.23000
N      79.87800     34.87400     24.80100
C      79.68100     34.95500     26.24000
C      78.19400     34.73800     26.49000
O      77.35400     35.31300     25.79100
C      80.14500     36.29900     26.82100
C      81.36100     36.92900     26.15700
C      82.19800     37.67900     27.20200
C      82.65300     39.07800     26.73600
N      84.10000     39.37000     27.05000
N      77.86200     33.88700     27.45400
C      76.54600     33.26500     27.46300
C      75.40300     34.27400     27.65100
O      74.32100     34.07000     27.13200
C      76.47100     32.15500     28.52700
C      76.44300     32.74700     29.92700
O      75.23000     31.43000     28.38900
N      75.64200     35.35800     28.37300
C      74.57300     36.32600     28.65300
C      74.30600     37.20600     27.42900
O      73.42900     38.05900     27.43900
C      74.90000     37.19500     29.88500
C      76.18200     37.94600     29.74600
C      76.32500     39.21200     29.33100
C      77.50600     37.45600     30.00200
C      78.40000     38.50000     29.71800
C      78.02700     36.23800     30.45200
N      77.65300     39.56300     29.30800
C      79.77800     38.37200     29.85600
C      79.39700     36.10900     30.59100
C      80.25900     37.17200     30.28700
N      75.04600     36.97800     26.36000
C      74.72500     37.64200     25.10900
C      74.31000     36.61500     24.06900
O      73.49300     36.89300     23.18800
C      75.91300     38.46900     24.61900
C      76.46800     39.36100     25.69100
C      77.61300     40.25500     25.21600
N      77.68600     41.46300     25.77500
O      78.43800     39.84900     24.38300
N      74.87300     35.42100     24.19100
C      74.53800     34.34400     23.28600
C      73.06700     34.02600     23.42800
O      72.31800     33.87400     22.45400
C      75.33500     33.12700     23.64100
C      74.96500     31.98000     22.72600
O      76.71700     33.37500     23.38300
N      72.64300     33.91000     24.66200
C      71.31400     33.42700     24.86900
C      70.34900     34.39700     24.19300
O      69.46400     33.98300     23.46600
C      71.04500     33.25400     26.34800
C      71.50200     31.91300     26.85000
C      71.46000     31.84200     28.35600
N      72.61000     31.55600     28.98100
O      70.39900     32.06600     28.95400
N      70.54500     35.69400     24.39000
C      69.62700     36.68000     23.80600
C      69.73900     36.65700     22.29200
O      68.73800     36.73200     21.59900
C      70.11000     38.01300     24.37700
C      71.05000     37.64400     25.49400
C      71.64700     36.32000     25.13500
N      70.95000     36.50500     21.77600
C      71.11300     36.51800     20.33400
C      70.35400     35.33700     19.71300
O      69.53800     35.53700     18.81200
C      72.58400     36.50100     19.95400
N      70.59700     34.12700     20.21000
C      69.91200     32.94800     19.68500
C      68.39100     33.03100     19.82800
O      67.66000     32.77400     18.87000
C      70.41000     31.66400     20.36700
C      71.83200     31.17900     20.04400
C      72.18200     30.06000     20.95100
C      72.02500     30.76500     18.59600
N      67.91200     33.37100     21.02200
C      66.49000     33.62200     21.20800
C      65.97900     34.47700     20.06700
O      64.90800     34.23300     19.51500
C      66.22200     34.35400     22.50500
C      64.71900     34.55600     22.67000
C      64.09000     33.22900     23.01200
C      64.38800     35.56100     23.72200
N      66.74900     35.51000     19.73400
C      66.30600     36.53000     18.78900
C      66.30500     35.94900     17.38500
O      65.33100     36.06900     16.64500
C      67.22600     37.77700     18.85000
C      66.61600     38.97300     18.09800
O      67.33200     38.24600     20.19900
N      67.38800     35.30000     17.00500
C      67.38200     34.63900     15.71200
C      66.11400     33.78200     15.56900
O      65.44300     33.77800     14.53100
C      68.59500     33.80300     15.56200
N      65.78600     33.04000     16.61100
C      64.81800     31.98400     16.43800
C      63.46900     32.63100     16.26900
O      62.68300     32.27900     15.36600
C      64.81000     31.04900     17.63900
O      65.49800     29.87000     17.29500
N      63.21000     33.59400     17.14400
C      61.94100     34.27300     17.11500
C      61.81000     34.97900     15.74500
O      60.76500     34.96900     15.10200
C      61.85800     35.26300     18.23400
C      60.49200     35.86700     18.23600
C      62.16300     34.59700     19.56700
N      62.90800     35.55300     15.28000
C      62.90300     36.17100     13.98700
C      62.50800     35.16600     12.91400
O      61.50000     35.35300     12.25400
C      64.25200     36.78700     13.70500
N      63.28000     34.09500     12.73800
C      62.90700     33.04100     11.77200
C      61.46300     32.53900     11.93700
O      60.80300     32.21500     10.95400
C      63.85300     31.85400     11.86100
C      65.31300     32.21300     11.58200
C      66.19800     31.02100     11.75100
C      65.46400     32.77200     10.17600
N      60.94400     32.49100     13.15400
C      59.57000     32.02000     13.29900
C      58.63500     33.06400     12.70900
O      57.71200     32.74300     11.95100
C      59.23400     31.76900     14.76800
C      57.91000     31.13000     15.01400
C      57.72900     29.77400     14.82800
C      56.84200     31.87700     15.48000
C      56.49300     29.17000     15.07100
C      55.60800     31.29700     15.73000
C      55.43500     29.93600     15.52300
O      54.20500     29.35700     15.76500
N      58.88400     34.32200     13.06200
C      58.08400     35.41800     12.55600
C      58.03400     35.37600     11.03800
O      56.99300     35.64800     10.42700
C      58.66100     36.74900     13.00900
C      58.09400     37.19500     14.32400
C      58.88300     38.27600     14.96400
N      58.39700     38.57000     16.29500
C      58.55700     39.73800     16.87000
N      59.19400     40.69600     16.21600
N      58.09400     39.95500     18.09500
N      59.14500     35.01500     10.41500
C      59.09900     34.89600      8.98200
C      58.10500     33.81000      8.64100
O      57.33000     33.95600      7.72200
C      60.45600     34.57400      8.34700
C      60.27900     34.30900      6.87300
C      61.43100     35.71300      8.54600
N      58.12300     32.70200      9.35900
C      57.31500     31.56400      8.92300
C      55.88100     32.00900      8.83300
O      55.21700     31.81400      7.80800
C      57.41100     30.45600      9.92600
C      56.61200     29.26100      9.63000
C      55.46500     28.86000     10.25500
C      56.92900     28.24600      8.67800
C      55.92300     27.26800      8.75400
C      57.96000     28.06700      7.75500
N      55.04300     27.65900      9.73200
C      55.91200     26.15000      7.93700
C      57.94800     26.93300      6.94900
C      56.92800     26.00200      7.04600
N      55.41900     32.63900      9.91100
C      54.03600     33.07300     10.00200
C      53.75600     34.15400      8.97400
O      52.67500     34.22400      8.39800
C      53.72500     33.60900     11.39400
C      53.94300     32.61300     12.52900
C      52.76300     32.56200     13.48200
N      52.00400     31.45700     13.41900
O      52.52100     33.51800     14.25700
N      54.73300     35.01400      8.75000
C      54.52100     36.12300      7.85200
C      54.11500     35.55200      6.51300
O      53.29600     36.12400      5.79800
C      55.79700     36.91000      7.69800
C      55.73500     38.27200      8.27200
C      56.95000     39.06300      7.89400
N      56.96700     40.33200      8.26600
O      57.87600     38.52800      7.27200
N      54.69100     34.41000      6.18300
C      54.53500     33.85300      4.86300
C      53.43100     32.80200      4.84400
O      53.35500     31.98200      3.92800
C      55.86500     33.26600      4.40700
C      56.95200     34.34300      4.27800
C      56.96600     35.05300      2.89600
N      57.31900     34.30600      1.85600
O      56.67800     36.25400      2.79100
N      52.56700     32.83700      5.85100
C      51.47400     31.89100      5.94300
C      51.97100     30.46200      6.07900
O      51.35200     29.52500      5.58600
N      53.10800     30.30900      6.75100
C      53.47400     29.06200      7.39600
C      52.41900     28.58800      8.36300
O      51.87000     29.36200      9.13100
N      52.10800     27.30100      8.29800
C      51.21500     26.70600      9.28000
C      51.97600     26.38100     10.54600
O      53.18400     26.14300     10.54000
C      50.53900     25.44700      8.72400
C      49.16000     25.17000      9.32100
C      48.84100     23.64700      9.38300
C      47.36200     23.32400      8.99400
N      46.35000     24.36100      9.43400
N      51.24500     26.37300     11.64100
C      51.83100     26.18700     12.94800
C      52.15400     24.73500     13.11500
O      51.39800     23.87200     12.70900
C      50.86400     26.63300     14.03200
N      53.27100     24.47200     13.75600
C      53.75800     23.11800     13.89900
C      52.88600     22.39600     14.90400
O      52.11200     23.01000     15.60200
C      55.17500     23.32100     14.42700
C      55.12800     24.63600     15.15900
C      54.10200     25.45500     14.47100
N      52.99800     21.08700     14.96400
C      52.16400     20.29900     15.85700
C      52.73500     20.34500     17.27300
O      52.00300     20.24100     18.25300
C      52.09500     18.86700     15.34600
N      54.05300     20.50600     17.34500
C      54.84100     20.25800     18.54700
C      56.08800     21.17200     18.45300
O      56.67400     21.31800     17.37600
C      55.29800     18.78500     18.60200
C      54.30500     17.73200     19.13300
S      55.05800     16.79300     20.46400
C      56.80800     17.24600     20.25600
N      56.52400     21.75100     19.57100
C      57.88100     22.29500     19.62400
C      58.73000     21.75800     20.77500
O      58.22500     21.40300     21.83400
C      57.86100     23.83300     19.67700
C      56.50300     24.44900     19.94200
S      56.57300     26.29200     19.90200
C      56.29500     26.56100     18.25500
N      60.03800     21.74900     20.54400
C      61.02300     21.58700     21.59600
C      62.22400     22.48000     21.32300
O      62.48600     22.85900     20.18200
C      61.46100     20.18400     21.65700
N      62.94600     22.82300     22.38100
C      64.09300     23.69600     22.27900
C      65.19800     23.22000     23.20600
O      64.97800     22.89700     24.34600
N      66.39800     23.12700     22.67700
C      67.48400     22.54300     23.40200
C      68.09800     23.58000     24.32200
O      68.64900     24.56600     23.86200
C      68.51000     22.07300     22.40100
C      69.59600     21.21400     22.97600
C      69.70300     19.87100     23.08800
N      70.78400     21.73100     23.44300
C      71.57400     20.74400     23.81700
N      70.93900     19.60600     23.62000
N      67.99500     23.35300     25.62700
C      68.54500     24.28300     26.58800
C      67.89400     25.64200     26.34800
O      66.70800     25.80400     26.59200
C      70.05900     24.32700     26.42400
O      70.68100     25.13800     27.40400
N      67.05400     27.08400     23.82600
C      65.96100     26.79200     22.91000
C      64.57200     26.72400     23.53600
O      63.58200     27.16300     22.93000
N      64.48000     26.15900     24.73700
C      63.18000     26.00500     25.37200
C      62.51000     27.37100     25.55700
O      61.28800     27.50400     25.46400
C      63.32800     25.27100     26.69900
C      62.03200     24.89700     27.36300
C      62.17200     23.63900     28.18700
O      62.73200     22.64700     27.66200
O      61.72100     23.64300     29.36000
N      63.32700     28.39000     25.78000
C      62.82800     29.74900     25.89000
C      62.24600     30.21100     24.56200
O      61.22900     30.87800     24.53200
C      63.94300     30.69100     26.38600
C      64.15500     30.56700     27.87900
C      65.00300     29.59700     28.40000
C      63.44500     31.35000     28.76700
C      65.17600     29.44800     29.73100
C      63.60700     31.19500     30.11800
C      64.47500     30.24400     30.59000
O      64.66200     30.09100     31.93600
N      62.87700     29.85700     23.45400
C      62.38900     30.33800     22.17500
C      61.06000     29.69100     21.81800
O      60.07200     30.36400     21.49500
C      63.40000     30.04200     21.09500
O      64.68100     30.26200     21.60700
N      61.06800     28.37100     21.86500
C      59.86400     27.58800     21.92800
C      58.79200     28.36200     22.67600
O      57.71000     28.61700     22.16000
C      60.17600     26.28000     22.62300
N      59.09000     28.74900     23.90400
C      58.04000     29.25600     24.75700
C      57.54100     30.62600     24.26200
O      56.34900     30.95700     24.36000
C      58.53800     29.32100     26.18900
C      58.72300     27.91300     26.76800
C      58.94400     27.94500     28.27000
C      57.51400     27.04800     26.44900
N      58.44700     31.42500     23.72500
C      58.04800     32.68600     23.13400
C      57.11000     32.45800     21.93800
O      56.03500     33.05300     21.86100
C      59.27600     33.52500     22.70300
C      58.84900     34.77900     21.93400
C      60.06100     33.91100     23.89700
N      57.53700     31.60400     21.01200
C      56.80500     31.36700     19.76800
C      55.48800     30.64900     20.04000
O      54.50000     30.85400     19.33400
C      57.63200     30.51300     18.80200
S      59.22000     31.19600     18.27300
N      55.47900     29.82200     21.07500
C      54.25000     29.23000     21.55800
C      53.40000     30.28700     22.21800
O      52.34400     30.02300     22.74800
C      54.57300     28.13300     22.54500
N      53.88200     31.50100     22.22700
C      53.12100     32.55800     22.85400
C      52.92600     32.44900     24.35800
O      51.98200     33.02400     24.87300
N      53.83600     31.79000     25.07500
C      53.70800     31.71100     26.52900
C      54.38300     32.82600     27.30200
O      53.87500     33.25100     28.33900
C      54.30300     30.42100     27.09500
C      54.59600     30.63500     28.57000
C      53.34200     29.21300     26.87500
N      55.55300     33.25200     26.83500
C      56.26800     34.39900     27.39500
C      56.38800     35.46200     26.33500
O      56.63800     35.13700     25.18500
C      57.67800     33.97900     27.80400
C      57.62700     32.83500     28.80400
C      58.41900     35.13700     28.42500
C      58.88400     32.06300     28.85200
N      56.21400     36.73100     26.67100
C      56.31300     37.74200     25.62900
C      57.78000     37.87400     25.23100
O      58.68300     37.71400     26.06400
C      55.67200     39.08500     26.05800
C      56.70100     40.14900     26.47600
O      56.93600     41.09500     25.67500
O      57.30600     40.13700     27.58600
N      58.00700     38.15300     23.95600
C      59.35300     38.27100     23.41100
C      60.34300     39.15700     24.19200
O      61.54200     38.87800     24.20400
C      59.27200     38.79300     21.98700
C      60.59600     38.94000     21.32700
C      61.54600     37.95000     21.42400
C      60.89700     40.06700     20.60100
C      62.76400     38.09400     20.81000
C      62.11600     40.19000     19.98100
C      63.04700     39.20600     20.09200
N      59.88700     40.23500     24.81100
C      60.84800     41.18800     25.37000
C      61.15500     40.83800     26.80800
O      62.28600     40.99000     27.25500
C      60.35200     42.59000     25.29800
N      60.15900     40.35600     27.53100
C      60.44000     39.65800     28.76600
C      61.46400     38.51200     28.55800
O      62.45500     38.39200     29.27800
C      59.12500     39.15000     29.35400
C      58.25200     40.28200     29.87400
O      58.78800     41.36300     30.15000
O      57.02500     40.19300     30.04900
N      61.23000     37.68600     27.55000
C      62.13000     36.59200     27.26700
C      63.51300     37.13000     27.06100
O      64.48300     36.59300     27.57600
C      61.67700     35.87000     26.04700
N      63.61200     38.20200     26.29200
C      64.92100     38.73800     25.93900
C      65.68200     39.17900     27.17800
O      66.85400     38.88100     27.31000
C      64.81000     39.88800     24.94300
C      66.16700     40.50000     24.68300
C      64.23700     39.37100     23.64900
N      65.02400     39.87100     28.10100
C      65.73200     40.35500     29.27900
C      66.01300     39.13200     30.11900
O      67.04900     39.02100     30.78700
C      64.91100     41.35500     30.08700
C      64.43600     42.59000     29.33500
C      63.56400     43.52700     30.18800
N      62.12200     43.28100     30.07400
C      61.33500     43.77800     29.10700
N      61.84000     44.55100     28.14900
N      60.03600     43.49700     29.09000
N      65.07200     38.20600     30.07200
C      65.11500     37.04900     30.92600
C      66.38800     36.27900     30.65600
O      67.18300     36.01700     31.56400
C      63.94200     36.18700     30.60000
C      63.60000     35.12900     31.61300
C      63.93200     35.62700     33.00500
C      62.10700     34.83400     31.44600
N      66.59400     35.92500     29.39800
C      67.67400     35.02900     29.07100
C      69.00000     35.76400     29.26800
O      70.03700     35.15300     29.43700
C      67.54300     34.47000     27.62600
C      66.38600     33.51600     27.52800
C      67.33800     35.58300     26.63600
N      68.98200     37.08400     29.27300
C      70.21200     37.80500     29.59000
C      70.52200     37.69800     31.08000
O      71.65200     37.46000     31.48000
C      70.12300     39.26500     29.16800
C      71.37400     40.07900     29.46600
C      71.04200     41.54100     29.67100
O      70.07900     41.82000     30.44000
O      71.71400     42.40100     29.05400
N      69.50500     37.85300     31.90500
C      69.69600     37.69000     33.32000
C      70.14300     36.25800     33.57800
O      70.96400     36.00400     34.44600
C      68.40700     38.02800     34.06400
C      68.48000     39.34900     34.83100
S      66.88500     40.18200     35.02700
C      65.74300     38.96400     34.41600
N      69.60200     35.32000     32.81200
C      69.91200     33.91000     33.01400
C      71.40700     33.72500     32.82100
O      72.12600     33.29400     33.72400
C      69.14900     33.05700     32.00800
C      69.18900     31.58200     32.25600
C      67.94600     30.85600     31.77800
N      68.15100     29.42000     31.58300
C      68.99000     28.91500     30.70400
N      69.69000     29.71600     29.94400
N      69.12700     27.61100     30.57000
N      71.85500     34.06300     31.61900
C      73.26900     34.21200     31.32100
C      74.08500     34.65100     32.51600
O      75.13900     34.08800     32.79300
N      73.59800     35.66000     33.22200
C      74.42000     36.33200     34.20600
C      74.48000     35.44900     35.42800
O      75.57000     35.07100     35.85900
C      73.87600     37.73000     34.52500
C      73.98600     38.70300     33.33800
C      73.78000     40.17300     33.72200
C      74.20900     41.11700     32.56000
N      73.86000     42.58000     32.73800
N      73.31200     35.07600     35.95200
C      73.23700     34.12000     37.05200
C      74.11500     32.91600     36.73400
O      74.86100     32.41200     37.57300
C      71.80800     33.63100     37.26900
C      70.81600     34.72200     37.46500
C      71.17800     35.90900     38.03800
C      69.51400     34.56700     37.05100
C      70.24500     36.93000     38.21500
C      68.57500     35.57900     37.23000
C      68.94100     36.76000     37.80700
N      74.02800     32.45000     35.50600
C      74.78000     31.28000     35.15200
C      76.23600     31.63600     35.35400
O      76.88600     31.06700     36.21000
C      74.46900     30.84700     33.71800
C      73.22600     29.95600     33.64400
S      72.57900     29.67200     32.00200
C      73.83800     28.75200     31.26000
N      76.73600     32.60700     34.59100
C      78.16900     32.91000     34.58000
C      78.71500     33.10200     35.97000
O      79.90100     32.93800     36.19800
C      78.46800     34.17900     33.79100
C      79.94300     34.34700     33.45300
C      80.45900     33.26000     32.49800
N      81.23100     32.31800     33.04600
O      80.15700     33.26800     31.28200
N      77.86800     33.49500     36.90200
C      78.39200     34.02800     38.13000
C      78.26300     32.97700     39.20200
O      78.63800     33.17800     40.35700
C      77.70300     35.35100     38.49700
C      76.26800     35.27800     38.96900
C      75.58300     36.63600     38.89400
O      76.10900     37.52000     38.19300
O      74.51900     36.82500     39.52300
N      77.77200     31.81600     38.79400
C      77.63500     30.70600     39.71400
C      78.88700     29.87000     39.65000
O      79.22900     29.21400     40.61800
C      76.42900     29.87800     39.37900
N      79.58800     29.91100     38.52500
C      80.92600     29.34100     38.49300
C      81.97100     30.22500     37.82600
O      81.79400     30.71600     36.71600
C      80.91700     27.98400     37.81100
C      79.88600     27.08700     38.48700
C      80.61900     28.16100     36.33200
N      83.07200     30.40500     38.53700
C      84.19500     31.21700     38.07200
C      84.90100     30.55700     36.91000
O      85.08600     29.35500     36.94200
C      85.13300     31.26900     39.29000
C      84.36800     30.67100     40.45200
C      83.30400     29.80700     39.86200
N      85.28500     31.32400     35.89800
C      85.67400     30.72700     34.63200
C      86.93400     29.93300     34.91100
O      87.75500     30.33100     35.74100
C      85.92300     31.78800     33.55800
C      85.02400     31.64400     32.33600
C      85.72200     31.97600     31.01100
O      86.97100     31.82700     30.93200
O      85.01500     32.38300     30.04200
N      87.06800     28.79400     34.24400
C      88.22300     27.94000     34.42500
C      88.01600     27.06500     35.63500
O      88.85300     26.21000     35.95200
N      86.88700     27.27600     36.30600
C      86.46500     26.39300     37.36500
C      85.81300     25.13400     36.82300
O      86.07400     24.04100     37.30200
C      85.52100     27.13400     38.28800
C      84.77100     26.17400     39.21800
O      86.29500     27.93000     39.18600
N      84.97400     25.27900     35.81400
C      84.18900     24.16500     35.32500
C      84.49400     23.78300     33.88600
O      85.35900     24.36900     33.23100
N      83.76900     22.78000     33.39900
C      84.01800     22.22700     32.08300
C      82.84400     21.36500     31.56400
O      82.05400     20.81100     32.33500
C      85.29500     21.42500     32.11900
N      82.77300     21.24300     30.24500
C      81.83800     20.36100     29.59500
C      82.63200     19.53900     28.60700
O      83.59800     20.01800     28.05800
C      80.81200     21.16300     28.83100
C      80.00900     22.08500     29.67000
S      78.64700     22.75600     28.72200
C      77.33900     22.48100     29.84500
N      82.22500     18.29400     28.39200
C      82.87100     17.42800     27.43400
C      81.79400     16.65900     26.69400
O      80.73600     16.36400     27.26200
C      83.77600     16.47100     28.13900
N      82.07500     16.31300     25.43800
C      81.13700     15.54300     24.64800
C      81.62000     14.12100     24.48900
O      82.65400     13.88000     23.88400
C      80.94800     16.17200     23.30600
N      80.86300     13.17600     25.03400
C      81.27900     11.79700     25.01700
C      80.66900     11.13000     23.80000
O      79.46300     10.94300     23.72200
C      80.84000     11.08100     26.28900
C      81.64100     11.57300     27.47900
C      81.03600      9.60000     26.13700
C      82.52300     12.74100     27.09900
N      81.50900     10.77900     22.84000
C      81.02900     10.17600     21.62100
C      81.16400      8.72100     21.85100
O      82.25900      8.24300     22.11100
C      81.88800     10.59600     20.42200
C      81.76200     12.10000     20.19400
C      81.47300      9.82000     19.17800
C      80.37800     12.60000     20.44700
N      80.04400      8.01400     21.78700
C      80.07100      6.59200     21.52400
C      79.99600      5.65000     22.71800
O      80.40800      4.50500     22.60800
N      79.42900      6.08300     23.83500
C      79.15000      5.17100     24.96500
C      77.67700      5.21700     25.26300
O      77.02200      6.23700     25.02700
C      79.90600      5.59000     26.24500
C      81.03700      4.70500     26.77000
C      81.65700      5.27200     28.04100
C      80.52600      3.33200     27.03900
N      77.16000      4.12100     25.80500
C      75.78800      4.07300     26.31800
C      75.63000      4.93200     27.55400
O      76.59400      5.20200     28.26000
C      75.40300      2.63500     26.67400
C      76.44700      1.95500     27.54000
O      77.41400      1.40900     26.95200
O      76.39400      1.93000     28.80100
N      74.39500      5.32300     27.83700
C      74.12000      6.24700     28.92500
C      74.70300      5.78000     30.27300
O      75.17200      6.58200     31.08000
C      72.61900      6.47800     29.01900
C      72.09700      7.38100     27.89300
O      72.94200      8.04300     27.23400
O      70.87400      7.49300     27.59800
N      74.67200      4.48600     30.53100
C      74.80800      4.02800     31.90400
C      76.27600      3.88700     32.25100
O      76.70500      4.15300     33.37700
C      74.06500      2.70200     32.11800
N      77.05500      3.46700     31.27200
C      78.49300      3.48400     31.42900
C      79.00300      4.90200     31.67800
O      79.99000      5.07800     32.37400
C      79.14700      2.85100     30.21200
O      78.70500      1.50800     30.08400
N      78.31400      5.91000     31.15200
C      78.65100      7.30500     31.44800
C      78.26400      7.73900     32.88000
O      79.08100      8.28800     33.62000
C      77.99900      8.23000     30.41100
C      78.22700      7.69900     29.00700
C      78.58000      9.60900     30.46500
C      78.11300      8.73600     27.94900
N      77.02200      7.49900     33.27300
C      76.63500      7.70000     34.66600
C      77.70500      7.14000     35.56700
O      78.13200      7.78400     36.53200
C      75.32300      7.02800     34.95800
N      78.12700      5.92400     35.24800
C      78.97200      5.15700     36.14000
C      80.31900      5.86800     36.11500
O      80.82800      6.31400     37.14700
C      79.04900      3.69600     35.66000
C      79.99300      2.77600     36.43300
C      80.47400      1.57800     35.56900
C      81.29500      0.52300     36.37000
N      82.47400     -0.05700     35.59900
N      80.86100      6.02500     34.91400
C      82.07300      6.79000     34.72900
C      81.99600      8.05800     35.54600
O      82.92100      8.43000     36.26100
C      82.24500      7.12500     33.27900
N      80.88100      8.73900     35.44600
C      80.79200     10.00700     36.11400
C      80.88600      9.74600     37.61200
O      81.63600     10.42500     38.32300
C      79.50200     10.72200     35.72400
S      79.61600     11.50000     34.09100
N      80.15800      8.74400     38.10200
C      80.06700      8.56200     39.54600
C      81.44300      8.26300     40.19400
O      81.71700      8.68600     41.31000
C      79.02700      7.49000     39.87900
C      77.60100      8.03100     39.91600
C      76.57600      7.06400     39.34000
O      75.45600      7.53100     39.02800
O      76.87300      5.84400     39.22000
N      82.31100      7.55500     39.49100
C      83.53800      7.09900     40.09300
C      84.59200      8.17900     39.95200
O      85.61200      8.16500     40.63900
C      84.02100      5.81700     39.42400
C      82.92300      4.80800     39.14200
C      83.37900      3.65000     38.25300
O      84.29600      3.84600     37.40700
O      82.81600      2.53500     38.39700
N      84.36300      9.10300     39.03700
C      85.34200     10.14500     38.78100
C      85.11500     11.33000     39.72100
O      85.90700     12.27600     39.76900
C      85.26800     10.58400     37.31200
N      84.01300     11.28300     40.45600
C      83.47500     12.49300     41.06300
C      84.38600     12.91600     42.20600
O      84.82400     14.06500     42.27400
C      82.05000     12.26700     41.55700
N      84.68100     11.97400     43.09500
C      85.83400     12.08900     43.98000
C      85.61900     13.32700     44.83300
O      86.57600     13.99700     45.26000
C      87.14700     12.19500     43.18800
C      88.28500     11.30900     43.70500
C      89.64100     11.99800     43.66400
O      89.78400     13.10100     44.24200
O      90.56600     11.44200     43.04500
N      84.34800     13.61900     45.09200
C      83.99500     14.69900     45.98800
C      83.52400     15.92400     45.23500
O      82.66900     16.66500     45.73700
N      84.06300     16.14000     44.03400
C      83.60200     17.23800     43.19300
C      82.33200     16.82900     42.45900
O      81.68400     15.84200     42.81200
C      84.65000     17.65000     42.16000
C      86.03800     17.93700     42.70600
C      87.01000     18.27000     41.59300
N      87.29300     19.55600     41.39800
O      87.45700     17.38100     40.89300
N      81.98900     17.59800     41.42900
C      80.70900     17.47300     40.75200
C      80.95400     17.24500     39.28800
O      81.50800     18.09500     38.60400
C      79.85300     18.75000     40.90900
C      78.69200     18.73800     39.92400
C      79.34800     18.88100     42.33700
N      80.51400     16.10400     38.78500
C      80.42100     15.91300     37.34000
C      79.28800     14.98700     36.99200
O      79.05600     14.01800     37.67000
C      81.69900     15.30300     36.78600
C      81.98000     14.00300     37.46500
C      81.57900     15.10200     35.29200
N      78.59100     15.25700     35.90900
C      77.58100     14.31500     35.45800
C      77.12800     14.63200     34.06200
O      77.42200     15.69400     33.52400
C      76.39100     14.36000     36.40300
O      75.77000     15.62300     36.37000
N      76.39700     13.71200     33.47100
C      75.87600     13.90100     32.12000
C      74.83200     15.00100     32.12400
O      73.98700     14.99100     32.98900
C      75.21600     12.55800     31.81700
C      74.92300     11.94500     33.14500
C      76.00200     12.42900     34.05900
N      74.87800     15.92700     31.18100
C      74.01200     17.08500     31.21300
C      73.19600     17.18100     29.94300
O      72.09600     17.72300     29.94600
C      74.82200     18.35800     31.27600
C      75.29300     18.62600     32.69000
C      75.99100     18.25800     30.34600
N      73.74600     16.67700     28.84500
C      73.05300     16.71400     27.56400
C      72.93600     15.31400     26.97500
O      73.92700     14.69700     26.57300
C      73.77600     17.64800     26.59400
C      73.48500     19.11700     26.87000
N      73.97500     19.98500     26.00500
O      72.82500     19.46000     27.84600
N      71.72100     14.79900     26.98000
C      71.40400     13.58400     26.27300
C      70.93800     13.97300     24.87800
O      69.73400     14.18700     24.64600
C      70.31700     12.80100     27.03500
C      70.78700     12.22400     28.34000
C      71.72300     11.20100     28.37100
C      70.32700     12.71400     29.53100
C      72.18600     10.68900     29.58300
C      70.79100     12.19100     30.74300
C      71.72600     11.18500     30.75500
N      71.90700     14.08800     23.96100
C      71.68900     14.66100     22.64000
C      71.25400     13.60000     21.63100
O      70.21200     13.73000     21.01400
C      72.95300     15.35900     22.13900
C      73.22100     16.68800     22.84700
N      74.42400     17.23600     22.63800
O      72.36400     17.21700     23.57200
N      72.04800     12.54800     21.46200
C      71.50100     11.25000     21.06000
C      72.25300     10.09800     21.67700
O      73.22100     10.27400     22.40200
C      71.52500     11.06700     19.53900
O      72.84700     11.16200     19.03600
N      71.80000      8.91000     21.31900
C      72.52500      7.67000     21.58900
C      73.89600      7.78900     21.00900
O      74.06100      8.08600     19.82600
C      71.73600      6.61700     20.82900
C      70.38900      7.21100     20.56400
C      70.55600      8.69600     20.56000
N      74.88400      7.61900     21.86200
C      76.25300      7.87800     21.50600
C      76.52500      9.31500     21.20000
O      77.50800      9.60500     20.52400
N      75.70100     10.23200     21.69900
C      76.23000     11.55100     22.06600
C      75.62500     12.05700     23.35400
O      74.43700     12.39600     23.41000
C      76.03200     12.61100     20.96400
C      76.19400     14.07400     21.48900
C      76.16300     15.15700     20.39300
N      76.15800     14.68900     19.14000
O      76.14600     16.40400     20.67700
N      76.47900     12.15100     24.36400
C      76.12100     12.68800     25.66800
C      77.10300     13.77100     26.14100
O      78.30600     13.55000     26.11500
C      76.12800     11.54900     26.66800
C      75.90100     12.07500     28.04400
C      75.04700     10.52800     26.27500
N      76.61100     14.92600     26.59000
C      77.50400     15.91300     27.23000
C      77.54200     15.78100     28.76700
O      76.51800     15.53200     29.39000
C      77.14900     17.38200     26.87400
C      77.96100     18.32200     27.72500
C      77.44500     17.68600     25.44100
N      78.72900     15.92900     29.35500
C      78.87500     15.93900     30.80600
C      79.54200     17.22100     31.27200
O      80.11000     17.94600     30.47700
C      79.73100     14.75600     31.27000
C      81.13800     14.89400     30.70700
C      79.10800     13.43400     30.84000
C      82.14400     13.97700     31.36400
N      79.49900     17.49400     32.56900
C      79.91300     18.80200     33.06800
C      79.99800     18.84900     34.58800
O      79.47700     17.98500     35.27500
C      78.96300     19.84900     32.58400
N      80.65300     19.87500     35.10900
C      80.90500     19.96600     36.53000
C      82.25500     20.62400     36.71700
O      82.67800     21.39800     35.85700
N      82.93800     20.30900     37.81700
C      84.25800     20.87000     38.07900
C      85.24400     20.39800     37.01200
O      85.29600     19.23400     36.66000
C      84.76700     20.48700     39.49500
C      83.75300     20.66200     40.59400
C      83.28300     21.77200     41.22600
N      83.12800     19.58800     41.19000
C      82.29700     20.02800     42.12100
N      82.37600     21.34800     42.16700
N      86.03800     21.31100     36.49300
C      86.94700     20.97500     35.40900
C      87.68600     19.65800     35.64500
O      87.70400     18.78500     34.78600
C      87.91600     22.13100     35.17200
C      89.31700     21.92100     35.67200
C      90.24200     22.99000     35.05800
C      90.49400     24.18900     35.99400
N      91.80700     24.88400     35.67400
N      88.26800     19.49300     36.81400
C      88.99600     18.25800     37.12000
C      88.17300     16.98200     36.94900
O      88.55300     16.09100     36.20000
C      89.55700     18.32800     38.53300
C      90.61000     19.40800     38.68000
C      90.03300     20.75300     39.07800
O      88.81900     20.85200     39.38700
O      90.81600     21.71900     39.09700
N      87.05100     16.89100     37.64400
C      86.18200     15.72600     37.53600
C      85.77400     15.42500     36.08400
O      85.72500     14.26200     35.65700
C      84.95300     15.93200     38.39000
N      85.48600     16.46700     35.31000
C      85.20900     16.24400     33.89900
C      86.38200     15.48900     33.30800
O      86.20400     14.45200     32.65000
C      85.01100     17.53800     33.10900
C      84.80800     17.20100     31.65000
C      83.81800     18.34300     33.65700
N      87.58200     16.00200     33.57300
C      88.79800     15.30100     33.19000
C      88.71100     13.83300     33.64900
O      88.80200     12.91700     32.82400
C      90.04300     15.98600     33.77600
C      90.53100     17.23500     33.02600
C      91.56200     18.07900     33.81300
O      92.25800     17.53200     34.71300
O      91.68700     19.30100     33.52500
N      88.54200     13.59100     34.95000
C      88.59200     12.22500     35.41000
C      87.61000     11.48600     34.51700
O      87.88900     10.40900     34.01700
C      88.21400     12.08900     36.89800
C      89.32900     12.47400     37.94100
C      88.81500     12.75700     39.40100
N      88.82700     14.18200     39.78800
C      87.86600     14.73400     40.52200
N      86.85500     13.96400     40.90100
N      87.88500     16.03400     40.87100
N      86.45600     12.09500     34.28600
C      85.30100     11.35900     33.78700
C      85.45900     10.98800     32.31300
O      85.11300      9.87600     31.88000
C      84.04800     12.18900     33.97700
N      85.95600     11.93900     31.53500
C      86.19300     11.69000     30.12900
C      87.09200     10.49600     30.03400
O      86.83100      9.52300     29.34100
N      88.17000     10.56000     30.78000
C      89.12000      9.48200     30.75100
C      88.30300      8.24200     31.01600
O      88.29400      7.29900     30.23600
C      90.19600      9.69700     31.80600
N      87.58200      8.24700     32.12100
C      86.90500      7.03100     32.51200
C      86.20800      6.52500     31.27100
O      86.41200      5.39600     30.86900
C      85.91600      7.28300     33.63200
N      85.40300      7.38600     30.65600
C      84.53900      6.96700     29.56500
C      85.35800      6.35100     28.46100
O      84.94500      5.37400     27.86100
C      83.72800      8.14400     29.02900
S      82.52400      8.77900     30.22200
N      86.53200      6.90400     28.20000
C      87.41300      6.31900     27.20400
C      87.79700      4.92700     27.67700
O      87.72300      3.96000     26.93500
C      88.65500      7.17800     27.01600
C      88.46300      8.37100     26.08100
C      89.07900      8.09800     24.71300
C      90.01500      9.21800     24.25300
N      90.24500      9.17700     22.75600
N      88.17800      4.81100     28.93600
C      88.46000      3.50100     29.47500
C      87.36500      2.55400     29.02800
O      87.62200      1.40700     28.70000
C      88.53500      3.54600     30.98400
N      86.13500      3.03100     29.02300
C      84.99600      2.13600     29.11600
C      84.43500      1.83300     27.73500
O      83.45500      1.08900     27.60200
C      83.93300      2.73500     29.98800
N      85.06200      2.40900     26.71200
C      84.85600      1.97100     25.34200
C      84.42000      3.08300     24.40500
O      83.95900      2.81900     23.29200
N      84.56900      4.32900     24.84700
C      84.03800      5.47300     24.11100
C      84.96100      5.88400     22.97200
O      86.16900      5.76500     23.08400
C      83.82700      6.62700     25.05300
N      84.40200      6.36900     21.87500
C      85.22400      6.74100     20.73100
C      86.03100      7.97200     21.07500
O      87.18400      8.11100     20.67400
C      84.36200      7.00400     19.49300
C      85.16000      7.37800     18.24300
C      85.36200      6.18100     17.30800
C      86.81200      6.11400     16.78600
N      86.90900      5.69400     15.34800
N      85.40400      8.86300     21.82700
C      85.83300     10.24900     21.91300
C      85.31000     10.83000     23.22000
O      84.12300     10.73700     23.52000
C      85.29500     11.05600     20.72400
C      86.13900     10.97800     19.45400
C      85.35800     11.29300     18.18700
N      86.17100     11.20700     16.97600
C      85.66700     11.18900     15.74800
N      84.35200     11.24800     15.57100
N      86.46900     11.11100     14.69300
N      86.19600     11.41900     24.00400
C      85.81800     12.53200     24.85000
C      86.38500     13.79700     24.26300
O      87.57800     14.03100     24.32800
C      86.34700     12.31900     26.23900
N      85.55000     14.62100     23.66600
C      86.06300     15.83800     23.07000
C      85.71100     17.05300     23.92700
O      84.53900     17.34300     24.18700
C      85.52000     15.98900     21.65900
C      84.01400     15.81400     21.66300
C      83.47900     16.42800     22.96200
C      83.38400     16.43000     20.41500
N      86.75000     17.74800     24.37300
C      86.61800     18.83000     25.33800
C      85.89200     19.94500     24.68600
O      86.18800     20.25000     23.54000
C      88.05600     19.27100     25.58300
C      88.89400     18.17300     25.10000
C      88.14600     17.54900     23.96400
N      84.95900     20.54900     25.39500
C      84.14800     21.57400     24.79600
C      84.55000     22.93000     25.32400
O      84.83100     23.10300     26.50800
C      82.67100     21.28700     25.03600
C      82.24800     20.09400     24.17500
C      81.27100     19.18200     24.88700
C      81.66900     20.58300     22.87600
N      84.58400     23.88700     24.41100
C      85.08300     25.23400     24.68400
C      83.96800     26.07800     25.25600
O      83.50300     27.02400     24.61600
C      85.45000     25.74300     23.29100
C      84.43300     25.07300     22.38100
C      84.11000     23.74000     23.02300
N      83.50800     25.71600     26.44200
C      82.50100     26.50900     27.10700
C      82.92400     26.77900     28.53300
O      83.50000     25.91700     29.20600
C      81.16200     25.79100     27.08700
C      80.25700     26.32100     28.18500
C      80.52500     25.94400     25.71900
N      82.64200     27.99000     28.99400
C      82.80600     28.30700     30.40600
C      81.92100     27.39300     31.26400
O      82.40200     26.80500     32.23700
C      82.48800     29.78400     30.66800
O      83.55900     30.61200     30.24000
N      80.64400     27.26700     30.89900
C      79.58300     27.12800     31.88300
C      78.98500     25.73000     31.90000
O      78.33000     25.28700     30.94600
C      78.45800     28.12600     31.63000
C      77.44300     28.08400     32.77400
C      79.02300     29.52100     31.46100
N      79.20500     25.04500     33.00800
C      78.63300     23.72300     33.23600
C      77.13700     23.83000     33.49000
O      76.70300     23.82600     34.63600
C      79.37000     23.23600     34.48400
C      79.76500     24.46800     35.20800
C      79.99600     25.50900     34.15100
N      76.37800     23.95500     32.40600
C      74.93200     24.04700     32.45600
C      74.41400     22.68900     32.84300
O      75.00000     21.69400     32.44700
C      74.38200     24.43400     31.08900
O      75.37900     25.11300     30.33100
N      73.35400     22.65700     33.65200
C      72.49300     21.49400     33.74400
C      73.03900     20.42000     34.66400
O      72.54100     19.31300     34.66700
C      72.26200     20.89900     32.34600
C      71.79000     21.90100     31.35900
C      70.77700     22.79400     31.41600
N      72.41200     22.10100     30.14600
C      71.79800     23.07300     29.49200
N      70.80100     23.51100     30.24100
N      74.07300     20.72900     35.43100
C      74.41400     19.91900     36.59100
C      74.21800     20.65600     37.92100
O      73.69900     21.76400     37.96500
C      75.84900     19.50000     36.46200
S      76.98300     20.87300     36.61200
N      74.63200     20.03300     39.01500
C      74.26600     20.51700     40.34700
C      74.78700     21.92100     40.54600
O      74.19800     22.73100     41.29600
C      74.80700     19.60300     41.42700
N      75.87200     22.22800     39.84600
C      76.56200     23.48500     40.08000
C      75.74400     24.69800     39.65700
O      76.07400     25.80100     40.04300
C      77.90600     23.50600     39.36700
C      78.94600     22.43300     39.70200
C      80.19700     22.73800     38.91500
C      79.28800     22.30200     41.18800
N      74.67300     24.51800     38.88900
C      73.81900     25.66700     38.53900
C      72.70300     25.90300     39.55600
O      71.93600     26.85400     39.43300
C      73.21300     25.52400     37.14100
C      74.22100     25.49200     36.00900
S      75.03200     27.07000     35.76600
C      76.66200     26.46900     35.65200
N      72.61500     25.06000     40.57500
C      71.51600     25.20200     41.52700
C      71.25600     26.69700     41.85300
O      70.15900     27.25300     41.61400
C      71.82200     24.44800     42.81400
C      70.60100     23.82700     43.53400
C      69.27300     24.43400     43.15400
C      68.18900     24.10700     44.19500
N      67.52300     25.33000     44.82300
N      72.28200     27.33000     42.41500
C      72.19400     28.67800     42.97600
C      71.78900     29.67200     41.91100
O      71.09400     30.65300     42.21800
C      73.62300     28.97100     43.43800
C      74.29900     27.62700     43.57100
C      73.63500     26.74500     42.55400
N      72.19200     29.43400     40.66800
C      71.75000     30.30900     39.59000
C      70.24500     30.23800     39.48600
O      69.59200     31.19700     39.12400
C      72.38100     29.92000     38.27500
N      69.70100     29.07800     39.78900
C      68.35200     28.76800     39.40100
C      67.39900     29.23100     40.49100
O      66.32700     29.77900     40.22100
C      68.22800     27.29200     39.17100
N      67.80300     29.02500     41.73500
C      67.19000     29.75600     42.82000
C      66.95500     31.15100     42.30500
O      65.84100     31.71100     42.39500
C      68.13300     29.83900     44.00300
C      68.41600     28.49100     44.62500
O      67.66600     27.52200     44.37100
O      69.38200     28.32400     45.40300
N      68.01800     31.73400     41.76500
C      67.92900     33.14700     41.42700
C      66.95700     33.30600     40.26000
O      66.11500     34.20700     40.24500
C      69.30200     33.74600     41.12400
C      70.18000     33.87500     42.36600
C      71.41100     34.72900     42.11500
C      72.38200     34.66300     43.28400
N      73.40600     33.56500     43.12400
N      67.03900     32.39000     39.31300
C      66.20000     32.44300     38.14500
C      64.71200     32.34900     38.51500
O      63.85200     32.96400     37.86500
C      66.58100     31.31000     37.18800
C      65.80100     31.38200     35.88200
C      65.82600     32.81800     35.40300
C      66.36800     30.46000     34.84100
N      64.39300     31.57900     39.54200
C      62.99900     31.49800     39.97700
C      62.43800     32.87800     40.32900
O      61.28200     33.18100     40.04500
C      62.85600     30.57700     41.15900
N      63.25900     33.70200     40.96700
C      62.80700     35.00500     41.42100
C      62.39500     35.79600     40.20300
O      61.29000     36.30800     40.15700
C      63.91100     35.73400     42.20100
C      63.54200     37.19100     42.41600
C      64.15300     35.03600     43.53200
N      63.25900     35.87200     39.19600
C      62.91700     36.63900     38.01400
C      61.68100     36.05200     37.30900
O      60.75200     36.77100     36.95800
C      64.10100     36.69300     37.07000
C      65.25600     37.54300     37.57600
C      64.81100     38.76900     38.35400
O      64.14200     39.64900     37.74200
O      65.14700     38.85500     39.56900
N      61.66900     34.74100     37.10900
C      60.55300     34.09300     36.43400
C      59.25600     34.48500     37.08000
O      58.24400     34.67900     36.40900
C      60.73500     32.57900     36.45800
C      61.86200     32.26500     35.47700
C      62.57100     31.00700     35.84100
C      61.29600     32.21100     34.06600
N      59.30900     34.62600     38.39400
C      58.12300     34.80000     39.19500
C      57.50900     36.16200     38.91100
O      56.33600     36.39900     39.23000
C      58.47100     34.65200     40.66000
N      58.28600     37.04400     38.28100
C      57.78000     38.34300     37.82100
C      57.25400     38.35900     36.37400
O      56.58500     39.31500     35.96200
C      58.87300     39.40500     37.90500
C      59.71200     39.42000     39.16700
C      60.98000     40.28700     38.95400
C      61.41000     41.05500     40.20800
N      62.90700     41.26400     40.25700
N      57.59200     37.35200     35.57500
C      57.16500     37.35600     34.17700
C      55.83800     36.62600     34.06100
O      55.68800     35.51400     34.55100
C      58.20100     36.66600     33.28100
C      59.50600     37.45000     33.24500
C      57.66800     36.52300     31.89000
C      59.29300     38.92500     33.27000
N      54.87200     37.26000     33.42200
C      53.62400     36.60100     33.14900
C      53.86500     35.43800     32.23500
O      54.52000     35.57500     31.19600
C      52.60800     37.53600     32.48900
C      51.47300     36.70200     31.95600
O      51.97100     38.38100     33.46800
N      53.32200     34.28700     32.61400
C      53.39300     33.10000     31.75900
C      51.99400     32.68100     31.30800
O      51.18900     32.22000     32.11000
C      54.05400     31.94000     32.51100
C      55.55100     31.98100     32.51300
C      56.22600     33.08100     32.99000
C      56.27900     30.90100     32.06500
C      57.60300     33.10900     33.01200
C      57.63900     30.92200     32.07200
C      58.31000     32.03000     32.55000
N      51.71700     32.83300     30.02700
C      50.43400     32.42200     29.48000
C      50.38800     30.96500     29.02500
O      51.40000     30.28400     28.95900
C      50.04600     33.32900     28.31700
C      50.01100     34.80000     28.72000
N      50.99600     35.56100     28.25200
O      49.11300     35.24500     29.44700
N      49.18300     30.50300     28.72600
C      48.95300     29.18800     28.14800
C      49.54400     28.99600     26.73400
O      49.36600     29.82600     25.84800
C      47.47500     28.94000     28.11300
N      50.25200     27.89600     26.52700
C      50.81300     27.60100     25.20900
C      49.73000     27.46900     24.15600
O      48.67200     26.92700     24.44900
C      51.56000     26.27700     25.40700
C      51.22800     25.79000     26.76000
C      50.61300     26.89900     27.53600
N      49.99000     27.97700     22.95900
C      49.08900     27.76800     21.84500
C      49.49200     26.50800     21.14300
O      48.69700     25.89400     20.43000
C      49.13500     28.93800     20.83900
C      48.71900     30.21600     21.50500
O      50.48200     29.18900     20.40900
N      50.74100     26.11900     21.33800
C      51.15900     24.81600     20.88100
C      51.90200     24.10300     21.97300
O      52.52600     24.71000     22.80100
C      52.08200     24.86500     19.65100
C      51.72000     26.02000     18.74900
C      53.54200     24.92000     20.08900
N      51.85100     22.79300     21.93200
C      52.52200     21.97300     22.91100
C      54.03600     22.09900     22.80400
O      54.60700     22.06700     21.71400
C      52.04000     20.55200     22.57500
C      50.86900     20.73200     21.71500
C      51.13500     21.99600     20.93000
N      54.66400     22.22600     23.97300
C      56.08800     22.40800     24.10400
C      56.58600     21.34200     25.02500
O      56.31400     21.37600     26.22100
C      56.37600     23.71600     24.78700
C      57.84000     23.93600     24.88300
C      55.69400     24.84800     24.05900
N      57.30300     20.37900     24.47700
C      57.87700     19.30700     25.26700
C      59.13600     19.76800     26.00400
O      60.12100     20.14200     25.36700
C      58.29300     18.17600     24.35100
C      58.44600     16.91100     25.15000
C      57.28900     18.01800     23.19500
N      59.14200     19.73600     27.33300
C      60.19700     20.44900     28.04300
C      61.45100     19.61500     28.26100
O      61.39400     18.40500     28.29600
C      59.68700     21.02100     29.36000
C      59.26000     19.94900     30.37500
N      59.89400     18.76900     30.35700
O      58.38000     20.22100     31.19700
N      62.59400     20.26500     28.41800
C      63.84200     19.53000     28.46800
C      63.91800     18.60200     29.68100
O      64.62700     17.61600     29.66100
C      65.02500     20.49200     28.49900
C      65.34100     21.09700     27.15500
N      66.26400     22.06900     27.14300
O      64.76500     20.71500     26.13700
N      63.24100     18.94300     30.76700
C      63.61600     18.39400     32.06700
C      62.75900     17.20300     32.44300
O      63.24500     16.29000     33.09500
C      63.48000     19.41400     33.20200
C      62.04800     19.52500     33.64100
C      64.32300     18.98600     34.36900
N      61.49200     17.21100     32.02700
C      60.60100     16.10100     32.31800
C      60.12100     15.35700     31.07300
O      59.45300     14.31800     31.16100
C      59.42800     16.58400     33.17700
C      59.87300     16.95300     34.57300
O      61.06800     16.70300     34.87200
O      59.12400     17.48700     35.43300
N      60.48500     15.88100     29.91400
C      59.88700     15.44000     28.66100
C      58.37900     15.45600     28.77100
O      57.72700     14.56700     28.26400
C      60.33300     14.03000     28.34400
C      59.69300     13.54300     27.10300
C      61.80900     13.98400     28.18700
N      57.84800     16.46500     29.46000
C      56.41400     16.63500     29.68300
C      55.90300     17.93900     29.05200
O      56.57900     18.97000     29.08000
C      56.12800     16.67300     31.19100
C      55.88700     15.31100     31.85700
C      55.25500     15.46900     33.25100
C      53.69700     15.49700     33.22200
N      53.02000     16.66000     33.93900
N      54.69500     17.90300     28.50100
C      54.10600     19.08400     27.88000
C      53.20800     19.82400     28.86400
O      52.01700     19.59900     28.89800
C      53.31800     18.69100     26.61600
S      54.36100     18.01200     25.26800
N      53.79400     20.70900     29.66200
C      53.06700     21.42500     30.68100
C      52.19800     22.55300     30.10400
O      52.49400     23.12600     29.06700
C      54.03500     21.99400     31.71200
C      54.71900     20.95300     32.57900
C      53.73200     20.14200     33.40400
O      52.50600     20.47900     33.37900
O      54.18900     19.16800     34.06400
N      51.12200     22.88000     30.80300
C      50.31100     24.01400     30.40800
C      50.25500     25.08700     31.49300
O      50.29000     26.26400     31.20600
C      48.90800     23.52700     30.01800
C      48.98200     22.75200     28.73300
O      48.44500     22.54200     30.95200
N      50.19000     24.67300     32.74400
C      50.37900     25.59400     33.85100
C      51.69400     26.32600     33.74700
O      52.76300     25.74200     33.95800
C      50.34000     24.86200     35.18000
C      49.77500     25.71500     36.26700
N      48.63900     26.35800     35.95700
O      50.34000     25.82100     37.38000
N      51.60000     27.61600     33.44100
C      52.74000     28.51300     33.50400
C      53.49800     28.36100     34.80300
O      54.72000     28.35600     34.82800
N      52.79300     28.20200     35.90300
C      53.51800     27.96100     37.12100
C      54.32700     26.64600     36.95200
O      55.46000     26.53300     37.41200
C      52.57100     27.98600     38.33600
C      51.36500     28.99400     38.16800
O      51.56700     30.16900     37.73300
O      50.17600     28.69000     38.48900
N      53.77800     25.67100     36.23400
C      54.49200     24.40500     36.00800
C      55.58700     24.54600     34.95900
O      56.65100     23.89600     35.03400
C      53.52300     23.30700     35.59900
N      55.33000     25.39500     33.97000
C      56.37200     25.73400     33.02100
C      57.55000     26.40800     33.69900
O      58.69200     25.91000     33.63700
C      55.81600     26.58800     31.94400
C      54.44500     26.03700     31.56200
C      56.75000     26.57100     30.76100
C      54.00300     26.37600     30.15100
N      57.25800     27.52400     34.36500
C      58.21200     28.17100     35.25700
C      58.96300     27.15500     36.09300
O      60.19300     27.20100     36.19000
C      57.48400     29.12500     36.18000
C      57.41200     30.57000     35.68500
C      57.19800     31.61200     36.80300
N      56.32500     32.64700     36.29200
C      55.01300     32.55500     36.30100
N      54.44800     31.49300     36.85600
N      54.26800     33.52200     35.76700
N      58.25600     26.22500     36.71900
C      58.98300     25.32500     37.59000
C      59.97600     24.50800     36.76500
O      61.00700     24.06600     37.28300
C      58.06000     24.41300     38.39100
C      58.83100     23.39500     39.20700
O      59.54800     23.79100     40.14300
O      58.82300     22.17400     38.97300
N      59.68600     24.29700     35.48200
C      60.54600     23.41900     34.68900
C      61.71500     24.20800     34.13500
O      62.83200     23.67600     33.99600
C      59.78600     22.77800     33.58300
N      61.47400     25.48200     33.83500
C      62.58700     26.35700     33.51500
C      63.55800     26.26200     34.67400
O      64.74500     25.97800     34.47000
C      62.13500     27.79700     33.27100
C      61.33800     27.94200     31.96100
C      60.83400     29.35500     31.73300
C      62.15600     27.45500     30.78600
N      63.05500     26.44100     35.89400
C      63.96100     26.51100     37.02400
C      64.80000     25.26400     37.13100
O      65.98700     25.34300     37.37900
C      63.25600     26.77100     38.37300
C      64.27200     26.81700     39.47600
C      62.47600     28.08100     38.33200
N      64.22200     24.09700     36.93300
C      65.02900     22.88800     37.11600
C      65.88200     22.53600     35.90800
O      66.94400     21.91200     36.04800
C      64.15300     21.71500     37.46900
C      63.26400     21.98200     38.63700
C      62.37500     20.83000     38.96900
N      61.09100     20.98700     38.31500
C      60.61900     20.13000     37.43000
N      61.34200     19.06100     37.12800
N      59.42700     20.33800     36.86300
N      65.43200     22.93100     34.71900
C      66.29300     22.84800     33.54600
C      67.69200     23.25300     33.94700
O      68.68700     22.75300     33.44100
C      65.78500     23.77000     32.43500
C      66.60700     23.70400     31.16300
C      66.18900     24.73100     30.15300
N      65.57100     24.28700     29.05800
O      66.43700     25.91100     30.34500
N      67.77700     24.19400     34.85700
C      69.02700     24.88500     35.01300
C      70.02900     23.88800     35.54400
O      71.16200     23.86700     35.07200
C      68.86700     26.05900     35.96700
C      69.58900     27.36300     35.64000
C      69.63900     27.63300     34.16800
C      68.83500     28.45000     36.34900
N      69.60700     23.05500     36.50800
C      70.51700     22.12100     37.17800
C      70.26700     20.63100     36.85600
O      70.83900     19.72000     37.48900
C      70.54500     22.36000     38.69300
C      69.21700     22.27300     39.44600
C      68.27900     23.28400     39.37500
C      68.93700     21.21900     40.27600
C      67.10500     23.20600     40.07700
C      67.75700     21.14100     40.97600
C      66.86100     22.11700     40.88000
O      65.69500     22.00400     41.59900
N      69.44400     20.36400     35.85300
C      69.15900     18.97600     35.49800
C      69.47400     18.68000     34.04800
O      69.55200     19.57600     33.22700
C      67.70400     18.63400     35.82100
C      67.42400     18.64700     37.32300
N      66.77500     19.71400     37.79200
O      67.79900     17.71700     38.05400
N      69.72100     17.42000     33.75900
C      70.13100     16.99200     32.42200
C      69.09800     17.41800     31.41000
O      67.93500     17.41000     31.71700
C      70.16500     15.45600     32.51800
C      70.09800     15.10700     33.94200
C      69.67100     16.31200     34.71300
N      69.51600     17.78100     30.21600
C      68.57600     18.04400     29.14800
C      68.19400     16.74900     28.40100
O      69.01400     16.15800     27.68100
C      69.20000     19.02900     28.16000
C      68.40600     19.07000     26.87800
C      69.29000     20.39100     28.78200
N      66.94800     16.31400     28.54900
C      66.54500     15.07800     27.91500
C      66.18700     15.21300     26.42800
O      65.00400     15.11200     26.05700
C      65.37200     14.49500     28.66400
C      65.59300     14.39600     30.13600
C      66.57900     13.30500     30.54100
N      67.22200     12.68600     29.57500
O      66.74700     13.03900     31.72600
N      67.18600     15.40300     25.56500
C      66.85300     15.68000     24.16900
C      66.37900     14.38800     23.51600
O      65.26700     14.28300     23.03900
C      68.02900     16.29600     23.39500
C      67.60500     16.84300     22.04900
C      68.06600     16.45600     20.82800
C      66.61800     17.85200     21.79600
C      66.54300     18.02500     20.40400
C      65.79800     18.63900     22.60600
N      67.44700     17.17700     19.83500
C      65.67200     18.90300     19.80600
C      64.93000     19.55900     21.99900
C      64.88500     19.67900     20.61600
N      67.22700     13.38000     23.56200
C      66.92600     12.09800     22.95800
C      65.51600     11.61600     23.22500
O      64.80600     11.24800     22.29200
C      67.94500     11.07800     23.44200
C      67.60100      9.67400     22.97400
O      69.20100     11.33900     22.80500
N      65.10000     11.59300     24.48600
C      63.75600     11.10700     24.80300
C      62.76200     12.11900     24.27200
O      61.58700     11.81100     24.02500
C      63.55600     10.89600     26.30300
C      64.46000      9.80500     26.87900
C      63.95500      9.28600     28.21100
C      65.01300      8.45500     28.94700
N      64.43300      7.69500     30.10100
N      63.22100     13.34500     24.07800
C      62.25800     14.35200     23.69800
C      61.92800     14.20700     22.19900
O      60.78700     14.32000     21.78100
C      62.75000     15.73100     24.11700
O      62.72900     15.82700     25.54100
N      62.91500     13.86800     21.40000
C      62.68000     13.74400     19.98000
C      61.86300     12.45300     19.83200
O      60.90200     12.34700     19.02800
C      64.03200     13.72900     19.22800
C      63.95900     12.92300     17.96600
C      64.48500     15.14800     18.92500
N      62.21300     11.47400     20.67000
C      61.53300     10.17900     20.65800
C      60.05400     10.41800     20.94500
O      59.18900      9.85600     20.28200
C      62.15800      9.23200     21.66800
C      63.44800      8.57500     21.17900
C      64.11600      7.67500     22.22100
O      63.75700      7.74400     23.41600
O      65.01700      6.89300     21.84400
N      59.76800     11.29600     21.89500
C      58.42000     11.44700     22.40900
C      57.57700     11.98000     21.29800
O      56.38700     11.70200     21.21300
C      58.39400     12.42000     23.59900
C      56.99800     12.78300     24.07300
C      56.27200     11.92100     24.86500
C      56.40200     13.96700     23.69700
C      54.99300     12.22500     25.27300
C      55.11400     14.27200     24.09600
C      54.41900     13.39600     24.89100
O      53.13700     13.68800     25.31100
N      58.20900     12.75400     20.42900
C      57.49300     13.49800     19.39600
C      57.33800     12.70200     18.10000
O      56.31900     12.81200     17.41800
C      58.19300     14.82700     19.11300
C      57.62400     15.96600     19.92600
S      58.03200     17.66600     19.29600
C      59.80500     17.51300     19.02900
N      58.32100     11.87800     17.76800
C      58.00800     10.70600     16.98500
C      56.91400      9.90600     17.67800
O      55.90200      9.60100     17.07600
C      59.23200      9.85800     16.74200
N      57.08600      9.54300     18.93900
C      56.11200      8.61000     19.49200
C      54.79800      9.33100     19.35700
O      53.71200      8.79300     19.52300
C      56.39700      8.27400     20.91900
N      54.93100     10.60000     19.03800
C      53.85200     11.54300     19.21200
C      53.07900     11.72400     17.91400
O      52.02700     12.35300     17.90700
C      54.42300     12.87900     19.67000
C      54.26200     13.14200     21.15400
C      53.27800     12.20400     21.77900
N      53.77400     11.07800     22.28100
O      52.07600     12.47200     21.78600
N      53.60600     11.17000     16.81200
C      53.10200     11.43700     15.46800
C      54.04100     12.16700     14.49100
O      53.83000     12.17000     13.27700
N      55.06300     12.84400     14.98600
C      55.70800     13.83900     14.15300
C      56.65000     13.20000     13.16900
O      57.50100     12.42100     13.54900
C      56.49500     14.81800     14.98400
C      57.39700     15.65100     14.10500
C      55.55700     15.69400     15.74800
N      56.50300     13.53700     11.89400
C      57.29800     12.90700     10.85700
C      58.49800     13.74900     10.43000
O      59.45400     13.22000      9.84900
C      56.42200     12.59100      9.64500
C      55.61000     11.30800      9.76200
C      56.36200     10.09200      9.22000
O      57.57600      9.95000      9.53700
O      55.74600      9.28400      8.47200
N      58.46300     15.05200     10.68600
C      59.59700     15.90400     10.28300
C      59.92700     16.97600     11.33300
O      59.04800     17.43400     12.02900
C      59.33700     16.52700      8.89100
C      60.53100     17.22300      8.31300
C      60.73900     18.51900      7.98100
N      61.71900     16.57500      8.06900
C      62.61000     17.44100      7.61600
N      62.03700     18.62600      7.54000
N      61.19100     17.35600     11.46500
C      61.57800     18.41400     12.41300
C      62.37000     19.54700     11.74300
O      63.47800     19.31400     11.24100
C      62.47400     17.84800     13.51800
C      62.08800     16.69100     14.44100
C      63.27100     16.45500     15.35100
C      60.83300     16.93300     15.28400
N      61.84000     20.77100     11.77200
C      62.54000     21.95100     11.22800
C      63.33900     22.68400     12.28700
O      62.82300     23.07200     13.33100
C      61.54600     22.94900     10.63300
C      60.89000     22.45700      9.38900
C      61.61200     22.27700      8.23100
C      59.55700     22.13500      9.37800
C      61.01000     21.81800      7.08500
C      58.95800     21.66000      8.24300
C      59.69000     21.51100      7.10300
O      59.08900     21.03000      5.97700
N      64.60800     22.89400     12.00800
C      65.44700     23.60000     12.94100
C      65.26600     25.10800     12.70800
O      65.80100     25.66800     11.74600
C      66.90600     23.17300     12.77800
C      67.73700     23.51600     13.99700
C      69.09700     22.85700     14.00900
O      69.40700     22.06900     13.07500
O      69.85100     23.14500     14.96600
N      64.48700     25.74500     13.58100
C      64.20700     27.16500     13.46500
C      65.24700     27.96100     14.25100
O      65.03900     28.40000     15.38600
C      62.81300     27.46300     13.99300
C      62.49800     28.92600     13.87100
C      61.80900     26.63200     13.24500
N      66.39900     28.13700     13.64600
C      67.42100     28.94700     14.26600
C      68.66200     28.63800     13.50900
O      68.62500     27.76900     12.65100
N      69.74600     29.33000     13.81600
C      70.98600     29.22700     13.04100
C      71.54800     27.87100     13.24400
O      71.27200     27.28900     14.28400
C      71.91400     30.22700     13.69800
C      71.35900     30.46200     15.02300
C      69.86700     30.24700     14.94200
N      72.31000     27.38200     12.28200
C      73.15400     26.22500     12.47800
C      72.35700     25.01900     12.07200
O      71.18900     25.18200     11.75500
N      72.97600     23.83700     12.09700
C      72.30700     22.56800     11.84000
C      72.35200     21.54700     12.99800
O      72.30400     20.35900     12.75600
C      72.99500     21.87500     10.67200
C      72.78200     22.46000      9.29500
C      73.86700     21.89800      8.35300
C      75.20100     21.57900      9.12600
N      75.96700     20.37400      8.62200
N      72.48500     21.96400     14.24100
C      72.85600     20.99200     15.26900
C      71.73800     20.01300     15.56900
O      71.96700     18.80400     15.54800
C      73.28900     21.65800     16.58900
C      73.53900     20.62500     17.67000
C      74.52200     22.42500     16.36900
N      70.54200     20.51700     15.86100
C      69.39200     19.63200     16.09500
C      69.08700     18.82100     14.86400
O      68.63100     17.68600     14.95300
C      68.15200     20.41800     16.51400
C      68.57200     21.35300     17.64800
C      67.39700     22.03800     18.31600
C      69.39100     20.55700     18.65400
N      69.35100     19.40400     13.70900
C      69.15400     18.70500     12.46500
C      70.05400     17.48600     12.41100
O      69.62700     16.38900     12.08000
C      69.46200     19.66500     11.33200
C      69.21900     19.02500      9.98700
O      68.52300     20.74900     11.38600
N      71.31400     17.68900     12.75000
C      72.30900     16.64000     12.66300
C      71.95500     15.45200     13.52800
O      72.28000     14.32000     13.19200
N      71.29000     15.70300     14.65200
C      71.14800     14.69500     15.67500
C      69.98500     13.80600     15.31800
O      69.92100     12.65100     15.74700
C      70.87000     15.32400     17.02300
C      71.91600     16.19900     17.69200
C      71.23800     17.00500     18.77900
C      73.04700     15.39900     18.29700
N      69.03700     14.35200     14.56700
C      67.70800     13.77600     14.52500
C      67.77600     12.30100     14.15800
O      67.24600     11.45600     14.86500
C      66.84400     14.53000     13.53400
C      65.39200     14.15900     13.69100
O      66.86300     15.92600     13.85200
N      68.43900     11.97700     13.06000
C      68.34400     10.62500     12.53300
C      69.08100      9.64600     13.41500
O      68.77200      8.46700     13.41200
C      68.83700     10.53800     11.08000
C      67.66200     10.61700     10.05700
C      68.10800     10.47100      8.58700
C      68.03600     11.79800      7.81700
N      68.19800     13.01600      8.69900
N      70.03000     10.13900     14.19100
C      70.66200      9.33700     15.23300
C      69.66800      8.89600     16.29900
O      69.90300      7.91600     17.00600
C      71.77800     10.13500     15.90600
C      72.78600     10.77000     14.94800
C      74.18300     10.15800     15.05200
N      75.17800     10.85500     14.23700
C      76.33100     10.30800     13.85400
N      76.61700      9.05600     14.21400
N      77.19400     11.00200     13.10800
N      68.55400      9.61200     16.41600
C      67.55100      9.30700     17.43500
C      66.41800      8.43400     16.90000
O      65.89900      7.53600     17.58400
C      66.96700     10.59900     17.95000
C      68.07200     11.43400     18.61600
C      65.83000     10.31000     18.88200
C      67.54500     12.60000     19.42200
N      66.04700      8.69800     15.66000
C      64.97700      7.97600     15.00600
C      65.20300      8.17300     13.52000
O      64.96500      9.26000     12.99400
C      63.61100      8.55700     15.41400
C      62.48300      7.71700     14.93600
C      63.53400      8.68100     16.88600
N      65.71200      7.16200     12.83000
C      66.32100      7.45800     11.54500
C      65.29600      7.50700     10.45700
O      65.59900      7.89000      9.36100
C      67.42100      6.47700     11.17200
C      66.93100      5.07300     11.07400
O      65.88700      4.77600     11.69200
O      67.53700      4.20400     10.41600
N      64.06900      7.15000     10.75300
C      62.99600      7.44000      9.82000
C      62.69600      8.91700      9.79500
O      62.28200      9.43600      8.78300
C      61.72500      6.65900     10.17700
C      61.99500      5.17400     10.06800
O      61.36100      6.88000     11.55700
N      62.89800      9.58800     10.91800
C      62.59300     11.00500     11.02500
C      63.48600     11.77900     10.10800
O      64.65800     11.43100      9.95200
C      62.89600     11.49400     12.41500
C      61.77300     11.66000     13.39900
C      62.29400     12.61900     14.44900
C      60.53500     12.17500     12.69600
N      62.95200     12.86000      9.54900
C      63.75500     13.78900      8.76400
C      63.82300     15.19500      9.35900
O      62.99500     15.62000     10.17200
C      63.21100     13.86300      7.34000
C      63.20800     12.49800      6.69600
O      61.82600     14.23200      7.35900
N      64.82500     15.93200      8.93000
C      65.22800     17.10500      9.65000
C      65.75900     18.05800      8.64100
O      66.45000     17.66900      7.72100
C      66.32000     16.76100     10.65000
N      65.44400     19.32000      8.82700
C      66.07800     20.36400      8.06600
C      65.98300     21.67000      8.84900
O      65.02700     21.89600      9.59600
C      65.37400     20.49900      6.71300
O      63.97200     20.37000      6.89200
N      66.97600     22.52200      8.63200
C      67.01000     23.87300      9.15000
C      66.17400     24.84400      8.32000
O      66.24500     24.84400      7.09400
C      68.42600     24.33100      9.15200
N      65.40400     25.69100      8.99100
C      64.86100     26.87400      8.35900
C      65.66200     28.13200      8.68900
O      65.10400     29.08800      9.22100
C      63.44400     27.08600      8.84500
C      62.49000     25.98600      8.44200
C      61.10800     26.32100      8.91000
C      62.51500     25.88000      6.95700
N      66.95100     28.16500      8.37800
C      67.68700     29.42700      8.52500
C      68.37900     29.97100      7.25800
O      69.26000     30.81400      7.35100
C      68.69400     29.32500      9.68500
C      69.63900     28.13900      9.55800
N      69.98600     27.76200      8.33400
O      70.07900     27.59400     10.56300
N      67.98400     29.49100      6.08100
C      68.26500     30.19100      4.82900
C      67.02000     30.23700      3.94600
O      66.13000     29.39200      4.05800
C      69.40300     29.51500      4.07800
C      70.63900     29.21300      4.91300
C      71.77000     30.24400      4.75700
O      71.94700     30.80900      3.64400
O      72.49500     30.49400      5.76600
N      66.95700     31.25100      3.08500
C      65.77700     31.54900      2.26000
C      65.33400     30.49500      1.25800
O      64.13300     30.28000      1.19200
C      66.20600     32.79000      1.49400
C      67.64800     32.67600      1.47500
C      68.01400     32.24700      2.87100
N      66.21900     29.88800      0.47000
C      65.76700     28.80200     -0.41700
C      65.02300     27.74400      0.40700
O      64.01600     27.13700     -0.01200
C      66.93800     28.15600     -1.16800
O      68.12700     28.15800     -0.39600
N      65.54400     27.54400      1.60500
C      65.08900     26.46600      2.44900
C      63.80900     26.88600      3.13000
O      62.90400     26.09800      3.31800
C      66.13200     26.16600      3.46000
N      63.76200     28.15200      3.50800
C      62.56100     28.77400      4.02000
C      61.49400     28.71600      2.94700
O      60.37200     28.28300      3.17500
C      62.86900     30.22200      4.34500
C      61.68400     30.97900      4.81100
S      60.85300     30.15900      6.17100
C      61.73900     30.80900      7.53500
N      61.85000     29.17500      1.75800
C      60.93400     29.13000      0.63700
C      60.54000     27.68000      0.37100
O      59.35500     27.34700      0.14900
C      61.58800     29.71500     -0.56800
N      61.54100     26.80700      0.39400
C      61.30700     25.42700     -0.03800
C      60.36100     24.76200      0.92000
O      59.53500     23.96700      0.50800
C      62.61200     24.64300     -0.13400
N      60.46600     25.07000      2.20300
C      59.65400     24.37400      3.18600
C      58.22100     24.87200      3.09900
O      57.28200     24.16900      3.46900
C      60.21000     24.59700      4.57700
N      58.06200     26.10000      2.61600
C      56.81600     26.83200      2.79400
C      55.84000     26.39600      1.72800
O      54.68700     26.81900      1.71500
C      57.05600     28.32800      2.64900
C      57.31400     29.12100      3.92000
C      58.41500     30.15000      3.68300
C      56.05100     29.78400      4.34300
N      56.33400     25.58000      0.80700
C      55.66300     25.37600     -0.46000
C      54.85900     24.12200     -0.31600
O      54.05300     23.79400     -1.17400
C      56.66900     25.22400     -1.59700
C      56.48600     26.22700     -2.72300
C      56.59500     25.57800     -4.09500
O      55.53700     25.37200     -4.75200
O      57.74100     25.26300     -4.51300
N      55.08000     23.42200      0.78900
C      54.55300     22.07800      0.95400
C      53.13900     22.12000      1.53100
O      52.76000     23.11900      2.14600
C      55.46600     21.25600      1.86600
C      56.84400     20.91400      1.29300
C      57.61000     22.18100      0.89500
C      57.65200     20.09900      2.29100
O      52.34500     21.16900      1.40200
C      77.17100     18.55400     17.89900
O      76.59200     17.36200     18.42400
C      78.65800     18.34000     17.52400
C      79.54400     18.18400     18.76700
C      79.18200     19.51700     16.69400
P      79.52400     14.31600     12.79600
P      78.54000     16.70900     14.06800
P      84.17100     10.23700     12.32500
S      78.40900     23.30300     23.59000
C      76.86900     24.20200     23.91700
C      75.72500     23.23300     24.22900
N      75.52500     22.29400     23.11100
C      75.46000     20.92600     23.32900
O      75.48700     20.47700     24.47400
C      75.39200     20.04900     22.12100
C      76.61400     20.31700     21.24600
N      76.72800     19.31100     20.18500
C      76.96500     19.68000     18.87100
O      77.00300     20.86900     18.56200
C      80.88100     10.97000     15.93200
N      77.23900      7.74600     18.11900
O      80.94600     14.75700     12.74700
C      78.51300      7.34600     17.79400
C      81.41800      9.81600     15.06900
O      78.75400     14.59100     11.55600
O      80.39100      9.19200     14.29500
C      82.34400     10.62200     14.17500
N      79.41400      8.28800     17.21400
O      78.76800     15.05600     14.08900
O      82.68200      9.95600     12.96900
C      78.90300      9.64600     16.96200
C      81.62400     11.95200     13.95800
O      77.52300     17.04800     13.04000
O      80.99300     12.20300     15.21100
C      77.61900      9.95900     17.30600
C      80.56900     11.84600     12.84300
O      79.85100     17.38300     13.87700
O      79.46000     12.69700     13.11600
C      76.74400      9.06200     17.91300
N      75.42700      9.37700     18.34500
O      77.94800     17.09500     15.55700
N      77.37500     11.31900     16.94400
O      84.19800     11.74300     11.94500
C      78.57000     11.80100     16.38200
O      85.19300      9.87200     13.43600
N      79.49900     10.77500     16.39400
O      84.27400      9.29900     11.08000
C      78.80400     17.06100     16.69200
C      71.80200     26.69300     28.95800
O      71.43900     25.78500     29.70800
O      71.54700     27.86400     29.19800
C      72.56600     26.36800     27.70200
C      71.58500     25.84700     26.68300
O      71.58100     26.41200     25.59600
O      73.75700     23.15300     26.89300
O      78.90200     28.60000     22.70300
O      77.18900     22.85300     20.30300
O      76.70200      5.01500     18.64900
O      81.69300     15.30200     15.03800
O      72.98000     40.68600     26.70200
O      50.69700     32.90600     35.29400
O      56.76500     36.88600     18.37000
O      59.49100     24.77800     30.43700
O      87.10100     36.63400     18.71300
O      81.11900     31.04000     17.84900
N      68.67274     26.59901     25.88134
C      68.12219     27.94690     25.78141
C      66.94824     27.98432     24.83192
O      65.94300     28.66500     25.00600
C      69.24085     28.90577     25.31633
C      70.37126     29.20387     26.35552
C      71.55386     30.08778     25.93965
N      72.50050     30.36228     26.80052
O      71.64444     30.52635     24.80323
$end


