$molecule
0 1

N         -6.37003        2.19959       -0.33967
C         -5.00998        1.83620        0.08153
C         -4.05461        2.98425       -0.20831
N         -2.75291        2.91066        0.19106
C         -1.80092        3.98217       -0.07886
H         -2.44762        2.06560        0.69500
C         -0.39681        3.66682        0.40555
N          0.60610        4.56332        0.17627
C          1.98950        4.35704        0.60276
H          0.35714        5.44574       -0.29877
C          2.75908        5.64233        0.38035
O          3.28665        6.32297        1.42119
H          3.19934        6.01265        2.33313
O          2.89389        6.08579       -0.74995
O         -0.16950        2.62575        1.00631
O         -4.45920        3.97912       -0.79681
H         -6.68136        3.04268        0.19623
H         -7.04834        1.44060       -0.11368
O         -2.24388        5.16037        0.54724
H         -1.75003        4.11507       -1.18640
C         -4.53422        0.56495       -0.66370
H         -4.99959        1.65747        1.18027
C         -5.28181       -0.69444       -0.31193
H         -3.46957        0.36061       -0.42601
H         -4.61479        0.74255       -1.75824
N         -5.01931       -1.88226       -0.88926
N         -6.26134       -0.78369        0.61336
C         -6.62633       -2.08073        0.60345
C         -5.86235       -2.75791       -0.32075
H         -7.39840       -2.50450        1.23160
H         -4.30815       -2.08469       -1.62655
H         -5.91557       -3.81184       -0.56009
C          2.62743        3.16457       -0.16859
H          1.98255        4.12772        1.69125
C          4.00938        2.66275        0.33724
H          2.74545        3.46476       -1.18881
H          1.95850        2.34315       -0.01797
C          5.15507        3.66860        0.14771
H          5.25239        3.95677       -0.92093
H          6.11398        3.21818        0.48263
H          5.01630        4.57193        0.76528
C          4.37278        1.36506       -0.40281
H          3.92729        2.41823        1.41944
H          3.59205        0.59187       -0.23852
H          5.33435        0.95812       -0.02279
H          4.46903        1.54812       -1.49482
C         -1.30998        6.47163        0.48462
C         -2.11362        7.55604        1.71503
C         -1.18584        9.56886        2.03041
H         -2.10555        7.04366        2.65434
H         -3.09008        7.75259        1.32415
O         -2.36515        9.83309        3.13036
H         -3.23014        9.67189        2.72205
O         -0.45237        7.41298        0.28740
O         -0.25903        9.98281        1.49646

$end
$rem
   JOBTYPE           opt
   EXCHANGE        B97M-V            
   BASIS             6-31G*
  SCF_CONVERGENCE  =  500 
$end